repo,stars,forks,watchers,deleted,private,archived,disabled
direwolf-github/ephemeral-ci-29be5a4d,-1,-1,-1,False,True,False,False
direwolf-github/ephemeral-ci-29be7465,-1,-1,-1,False,True,False,False
direwolf-github/ephemeral-ci-29be8042,-1,-1,-1,False,True,False,False
direwolf-github/ephemeral-ci-29be81a6,-1,-1,-1,False,True,False,False
direwolf-github/ephemeral-ci-29be83dd,-1,-1,-1,False,True,False,False
direwolf-github/ephemeral-ci-29be8994,-1,-1,-1,False,True,False,False
direwolf-github/ephemeral-ci-29be995a,-1,-1,-1,False,True,False,False
direwolf-github/ephemeral-ci-29be9dfe,-1,-1,-1,False,True,False,False
direwolf-github/ephemeral-ci-29bea24d,-1,-1,-1,False,True,False,False
direwolf-github/ephemeral-ci-29beaad0,-1,-1,-1,False,True,False,False
direwolf-github/ephemeral-ci-29beb1cc,-1,-1,-1,False,True,False,False
direwolf-github/ephemeral-ci-29beb462,-1,-1,-1,False,True,False,False
direwolf-github/ephemeral-ci-29bec413,-1,-1,-1,False,True,False,False
direwolf-github/ephemeral-ci-29bec89b,-1,-1,-1,False,True,False,False
direwolf-github/ephemeral-ci-29bed012,-1,-1,-1,False,True,False,False
direwolf-github/ephemeral-ci-29bed69f,-1,-1,-1,False,True,False,False
direwolf-github/ephemeral-ci-29bedf70,-1,-1,-1,False,True,False,False
direwolf-github/ephemeral-ci-29bee9e5,-1,-1,-1,False,True,False,False
direwolf-github/ephemeral-ci-29beeed0,-1,-1,-1,False,True,False,False
direwolf-github/ephemeral-ci-29bef1ad,-1,-1,-1,False,True,False,False
direwolf-github/ephemeral-ci-29bf0bcf,-1,-1,-1,False,True,False,False
direwolf-github/ephemeral-ci-29bf23fb,-1,-1,-1,False,True,False,False
direwolf-github/ephemeral-ci-29bf286b,-1,-1,-1,False,True,False,False
direwolf-github/ephemeral-ci-29bf2926,-1,-1,-1,False,True,False,False
direwolf-github/ephemeral-ci-29bf2d29,-1,-1,-1,False,True,False,False
direwolf-github/ephemeral-ci-29bf304a,-1,-1,-1,False,True,False,False
direwolf-github/ephemeral-ci-29bf463f,-1,-1,-1,False,True,False,False
direwolf-github/ephemeral-ci-29bf46da,-1,-1,-1,False,True,False,False
direwolf-github/ephemeral-ci-29bf4cee,-1,-1,-1,False,True,False,False
direwolf-github/ephemeral-ci-29bf52eb,-1,-1,-1,False,True,False,False
direwolf-github/ephemeral-ci-29bf660c,-1,-1,-1,False,True,False,False
direwolf-github/ephemeral-ci-29bf6932,-1,-1,-1,False,True,False,False
direwolf-github/ephemeral-ci-29bf6eb7,-1,-1,-1,False,True,False,False
direwolf-github/ephemeral-ci-29bf712e,-1,-1,-1,False,True,False,False
direwolf-github/ephemeral-ci-29bf7373,-1,-1,-1,False,True,False,False
direwolf-github/ephemeral-ci-29bf7647,-1,-1,-1,False,True,False,False
direwolf-github/ephemeral-ci-29bf8152,-1,-1,-1,False,True,False,False
direwolf-github/ephemeral-ci-29bf8ae8,-1,-1,-1,False,True,False,False
direwolf-github/ephemeral-ci-29bf956c,-1,-1,-1,False,True,False,False
direwolf-github/ephemeral-ci-29bf99db,-1,-1,-1,False,True,False,False
direwolf-github/ephemeral-ci-29bfa6eb,-1,-1,-1,False,True,False,False
direwolf-github/ephemeral-ci-29bfab99,-1,-1,-1,False,True,False,False
direwolf-github/ephemeral-ci-29bfad95,-1,-1,-1,False,True,False,False
direwolf-github/ephemeral-ci-29bfb6cc,-1,-1,-1,False,True,False,False
direwolf-github/ephemeral-ci-29bfbe51,-1,-1,-1,False,True,False,False
direwolf-github/ephemeral-ci-29bfbff1,-1,-1,-1,False,True,False,False
direwolf-github/ephemeral-ci-29bfc70d,-1,-1,-1,False,True,False,False
direwolf-github/ephemeral-ci-29bfdd9a,-1,-1,-1,False,True,False,False
direwolf-github/ephemeral-ci-29bfdeff,-1,-1,-1,False,True,False,False
direwolf-github/ephemeral-ci-29bfdf74,-1,-1,-1,False,True,False,False
direwolf-github/ephemeral-ci-29bfea4a,-1,-1,-1,False,True,False,False
direwolf-github/ephemeral-ci-29bfec7b,-1,-1,-1,False,True,False,False
direwolf-github/ephemeral-ci-29bff17e,-1,-1,-1,False,True,False,False
direwolf-github/ephemeral-ci-29bff303,-1,-1,-1,False,True,False,False
direwolf-github/ephemeral-ci-29bff4e0,-1,-1,-1,False,True,False,False
direwolf-github/ephemeral-ci-29bffb1a,-1,-1,-1,False,True,False,False
direwolf-github/ephemeral-ci-29bffcda,-1,-1,-1,False,True,False,False
direwolf-github/ephemeral-ci-29c00014,-1,-1,-1,False,True,False,False
direwolf-github/ephemeral-ci-29c007dc,-1,-1,-1,False,True,False,False
direwolf-github/ephemeral-ci-29c017cf,-1,-1,-1,False,True,False,False
direwolf-github/ephemeral-ci-29c02858,-1,-1,-1,False,True,False,False
direwolf-github/ephemeral-ci-29c03097,-1,-1,-1,False,True,False,False
direwolf-github/ephemeral-ci-29c035ac,-1,-1,-1,False,True,False,False
direwolf-github/ephemeral-ci-29c03a0d,-1,-1,-1,False,True,False,False
direwolf-github/ephemeral-ci-29c03dcb,-1,-1,-1,False,True,False,False
direwolf-github/ephemeral-ci-29c040f8,-1,-1,-1,False,True,False,False
direwolf-github/ephemeral-ci-29c041a1,-1,-1,-1,False,True,False,False
direwolf-github/ephemeral-ci-29c0486c,-1,-1,-1,False,True,False,False
direwolf-github/ephemeral-ci-29c04c3e,-1,-1,-1,False,True,False,False
direwolf-github/ephemeral-ci-29c05233,-1,-1,-1,False,True,False,False
direwolf-github/ephemeral-ci-29c053fe,-1,-1,-1,False,True,False,False
direwolf-github/ephemeral-ci-29c05455,-1,-1,-1,False,True,False,False
direwolf-github/ephemeral-ci-29c054fd,-1,-1,-1,False,True,False,False
direwolf-github/ephemeral-ci-29c05f61,-1,-1,-1,False,True,False,False
direwolf-github/ephemeral-ci-29c0a412,-1,-1,-1,False,True,False,False
direwolf-github/ephemeral-ci-29c0a551,-1,-1,-1,False,True,False,False
direwolf-github/ephemeral-ci-29c0b9a6,-1,-1,-1,False,True,False,False
direwolf-github/ephemeral-ci-29c0c0f2,-1,-1,-1,False,True,False,False
direwolf-github/ephemeral-ci-29c0c220,-1,-1,-1,False,True,False,False
direwolf-github/ephemeral-ci-29c0c38f,-1,-1,-1,False,True,False,False
direwolf-github/ephemeral-ci-29c0c649,-1,-1,-1,False,True,False,False
direwolf-github/ephemeral-ci-29c0d3dd,-1,-1,-1,False,True,False,False
direwolf-github/ephemeral-ci-29c0d6f3,-1,-1,-1,False,True,False,False
direwolf-github/ephemeral-ci-29c0dc92,-1,-1,-1,False,True,False,False
direwolf-github/ephemeral-ci-29c0e09c,-1,-1,-1,False,True,False,False
direwolf-github/ephemeral-ci-29c0e182,-1,-1,-1,False,True,False,False
direwolf-github/ephemeral-ci-29c0e47b,-1,-1,-1,False,True,False,False
direwolf-github/ephemeral-ci-29c0ef99,-1,-1,-1,False,True,False,False
direwolf-github/ephemeral-ci-29c0f937,-1,-1,-1,False,True,False,False
direwolf-github/ephemeral-ci-29c0fc86,-1,-1,-1,False,True,False,False
direwolf-github/ephemeral-ci-29c0fc8c,-1,-1,-1,False,True,False,False
direwolf-github/ephemeral-ci-29c106e5,0,0,1,False,False,False,False
direwolf-github/ephemeral-ci-29c10874,-1,-1,-1,False,True,False,False
direwolf-github/ephemeral-ci-29c10972,-1,-1,-1,False,True,False,False
direwolf-github/ephemeral-ci-29c10db9,-1,-1,-1,False,True,False,False
direwolf-github/ephemeral-ci-29c1168e,-1,-1,-1,False,True,False,False
direwolf-github/ephemeral-ci-29c12567,-1,-1,-1,False,True,False,False
direwolf-github/ephemeral-ci-29c1288e,-1,-1,-1,False,True,False,False
direwolf-github/ephemeral-ci-29c131cc,-1,-1,-1,False,True,False,False
direwolf-github/ephemeral-ci-29c14046,-1,-1,-1,False,True,False,False
direwolf-github/ephemeral-ci-29c15b4a,-1,-1,-1,False,True,False,False
direwolf-github/ephemeral-ci-29c16108,-1,-1,-1,False,True,False,False
direwolf-github/ephemeral-ci-29c1621f,-1,-1,-1,False,True,False,False
direwolf-github/ephemeral-ci-29c16541,-1,-1,-1,False,True,False,False
direwolf-github/ephemeral-ci-29c16581,-1,-1,-1,False,True,False,False
direwolf-github/ephemeral-ci-29c166ff,-1,-1,-1,False,True,False,False
direwolf-github/ephemeral-ci-29c16b30,-1,-1,-1,False,True,False,False
direwolf-github/ephemeral-ci-29c17bf5,-1,-1,-1,False,True,False,False
direwolf-github/ephemeral-ci-29c18dae,-1,-1,-1,False,True,False,False
direwolf-github/ephemeral-ci-29c1af37,-1,-1,-1,False,True,False,False
direwolf-github/ephemeral-ci-29c1b002,-1,-1,-1,False,True,False,False
direwolf-github/ephemeral-ci-29c1b76d,-1,-1,-1,False,True,False,False
direwolf-github/ephemeral-ci-29c1c165,-1,-1,-1,False,True,False,False
direwolf-github/ephemeral-ci-29c1c8ba,-1,-1,-1,False,True,False,False
direwolf-github/ephemeral-ci-29c1c9ba,-1,-1,-1,False,True,False,False
direwolf-github/ephemeral-ci-29c1cab4,-1,-1,-1,False,True,False,False
direwolf-github/ephemeral-ci-29c1ccad,-1,-1,-1,False,True,False,False
direwolf-github/ephemeral-ci-29c1d069,-1,-1,-1,False,True,False,False
direwolf-github/ephemeral-ci-29c1d538,-1,-1,-1,False,True,False,False
direwolf-github/ephemeral-ci-29c1dcf2,-1,-1,-1,False,True,False,False
direwolf-github/ephemeral-ci-29c1f0fe,-1,-1,-1,False,True,False,False
direwolf-github/ephemeral-ci-29c1f95d,-1,-1,-1,False,True,False,False
direwolf-github/ephemeral-ci-29c20507,-1,-1,-1,False,True,False,False
direwolf-github/ephemeral-ci-29c2063d,-1,-1,-1,False,True,False,False
direwolf-github/ephemeral-ci-29c20abf,-1,-1,-1,False,True,False,False
direwolf-github/ephemeral-ci-29c20bf8,-1,-1,-1,False,True,False,False
direwolf-github/ephemeral-ci-29c20cb3,-1,-1,-1,False,True,False,False
direwolf-github/ephemeral-ci-29c22b37,-1,-1,-1,False,True,False,False
direwolf-github/ephemeral-ci-29c23244,-1,-1,-1,False,True,False,False
direwolf-github/ephemeral-ci-29c239fa,-1,-1,-1,False,True,False,False
direwolf-github/ephemeral-ci-29c245ee,-1,-1,-1,False,True,False,False
direwolf-github/ephemeral-ci-29c24999,-1,-1,-1,False,True,False,False
direwolf-github/ephemeral-ci-29c25294,-1,-1,-1,False,True,False,False
direwolf-github/ephemeral-ci-29c25740,-1,-1,-1,False,True,False,False
direwolf-github/ephemeral-ci-29c277aa,-1,-1,-1,False,True,False,False
direwolf-github/ephemeral-ci-29c2981f,-1,-1,-1,False,True,False,False
direwolf-github/ephemeral-ci-29c29d39,-1,-1,-1,False,True,False,False
direwolf-github/ephemeral-ci-29c2ad45,-1,-1,-1,False,True,False,False
direwolf-github/ephemeral-ci-29c2ae67,-1,-1,-1,False,True,False,False
direwolf-github/ephemeral-ci-29c2b151,-1,-1,-1,False,True,False,False
direwolf-github/ephemeral-ci-29c2b367,-1,-1,-1,False,True,False,False
direwolf-github/ephemeral-ci-29c2b69c,-1,-1,-1,False,True,False,False
direwolf-github/ephemeral-ci-29c2b80b,-1,-1,-1,False,True,False,False
direwolf-github/ephemeral-ci-29c2c000,-1,-1,-1,False,True,False,False
direwolf-github/ephemeral-ci-29c2c45c,-1,-1,-1,False,True,False,False
direwolf-github/ephemeral-ci-29c2c789,-1,-1,-1,False,True,False,False
direwolf-github/ephemeral-ci-29c2cc1d,-1,-1,-1,False,True,False,False
direwolf-github/ephemeral-ci-29c2d395,-1,-1,-1,False,True,False,False
direwolf-github/ephemeral-ci-29c2db4e,-1,-1,-1,False,True,False,False
direwolf-github/ephemeral-ci-29c2e312,-1,-1,-1,False,True,False,False
direwolf-github/ephemeral-ci-29c2eeba,-1,-1,-1,False,True,False,False
direwolf-github/ephemeral-ci-29c2f3c2,-1,-1,-1,False,True,False,False
direwolf-github/ephemeral-ci-29c326a3,-1,-1,-1,False,True,False,False
direwolf-github/ephemeral-ci-29c32922,-1,-1,-1,False,True,False,False
direwolf-github/ephemeral-ci-29c3366b,-1,-1,-1,False,True,False,False
direwolf-github/ephemeral-ci-29c33ca7,-1,-1,-1,False,True,False,False
direwolf-github/ephemeral-ci-29c33cec,-1,-1,-1,False,True,False,False
direwolf-github/ephemeral-ci-29c346cd,-1,-1,-1,False,True,False,False
direwolf-github/ephemeral-ci-29c34953,-1,-1,-1,False,True,False,False
direwolf-github/ephemeral-ci-29c34da0,-1,-1,-1,False,True,False,False
direwolf-github/ephemeral-ci-29c357e2,-1,-1,-1,False,True,False,False
direwolf-github/ephemeral-ci-29c35b77,-1,-1,-1,False,True,False,False
direwolf-github/ephemeral-ci-29c35c31,-1,-1,-1,False,True,False,False
direwolf-github/ephemeral-ci-29c36065,-1,-1,-1,False,True,False,False
direwolf-github/ephemeral-ci-29c367b0,-1,-1,-1,False,True,False,False
direwolf-github/ephemeral-ci-29c36d02,-1,-1,-1,False,True,False,False
direwolf-github/ephemeral-ci-29c38b1c,-1,-1,-1,False,True,False,False
direwolf-github/ephemeral-ci-29c399f8,-1,-1,-1,False,True,False,False
direwolf-github/ephemeral-ci-29c39ece,-1,-1,-1,False,True,False,False
direwolf-github/ephemeral-ci-29c3b074,-1,-1,-1,False,True,False,False
direwolf-github/ephemeral-ci-29c3b208,-1,-1,-1,False,True,False,False
direwolf-github/ephemeral-ci-29c3b8de,-1,-1,-1,False,True,False,False
direwolf-github/ephemeral-ci-29c3d727,-1,-1,-1,False,True,False,False
direwolf-github/ephemeral-ci-29c3db9f,-1,-1,-1,False,True,False,False
direwolf-github/ephemeral-ci-29c3dd20,-1,-1,-1,False,True,False,False
direwolf-github/ephemeral-ci-29c3e170,-1,-1,-1,False,True,False,False
direwolf-github/ephemeral-ci-29c3ec0b,-1,-1,-1,False,True,False,False
direwolf-github/ephemeral-ci-29c3f8ee,-1,-1,-1,False,True,False,False
direwolf-github/ephemeral-ci-29c40f98,-1,-1,-1,False,True,False,False
direwolf-github/ephemeral-ci-29c4113d,-1,-1,-1,False,True,False,False
direwolf-github/ephemeral-ci-29c4142f,-1,-1,-1,False,True,False,False
direwolf-github/ephemeral-ci-29c41636,-1,-1,-1,False,True,False,False
direwolf-github/ephemeral-ci-29c41b01,-1,-1,-1,False,True,False,False
direwolf-github/ephemeral-ci-29c41b2c,-1,-1,-1,False,True,False,False
direwolf-github/ephemeral-ci-29c42e90,-1,-1,-1,False,True,False,False
direwolf-github/ephemeral-ci-29c44854,-1,-1,-1,False,True,False,False
direwolf-github/ephemeral-ci-29c448d4,-1,-1,-1,False,True,False,False
direwolf-github/ephemeral-ci-29c44db2,-1,-1,-1,False,True,False,False
direwolf-github/ephemeral-ci-29c457f8,-1,-1,-1,False,True,False,False
direwolf-github/ephemeral-ci-29c45888,-1,-1,-1,False,True,False,False
direwolf-github/ephemeral-ci-29c46d0c,-1,-1,-1,False,True,False,False
direwolf-github/ephemeral-ci-29c478ce,-1,-1,-1,False,True,False,False
direwolf-github/ephemeral-ci-29c47a9b,-1,-1,-1,False,True,False,False
direwolf-github/ephemeral-ci-29c48095,-1,-1,-1,False,True,False,False
direwolf-github/ephemeral-ci-29c48d7c,-1,-1,-1,False,True,False,False
direwolf-github/ephemeral-ci-29c494c2,-1,-1,-1,False,True,False,False
direwolf-github/ephemeral-ci-29c49fe9,-1,-1,-1,False,True,False,False
direwolf-github/ephemeral-ci-29c4a153,-1,-1,-1,False,True,False,False
direwolf-github/ephemeral-ci-29c4a29e,-1,-1,-1,False,True,False,False
direwolf-github/ephemeral-ci-29c4a75d,-1,-1,-1,False,True,False,False
direwolf-github/ephemeral-ci-29c4ab5f,-1,-1,-1,False,True,False,False
direwolf-github/ephemeral-ci-29c4b07d,-1,-1,-1,False,True,False,False
direwolf-github/ephemeral-ci-29c4b490,-1,-1,-1,False,True,False,False
direwolf-github/ephemeral-ci-29c4b5f2,-1,-1,-1,False,True,False,False
direwolf-github/ephemeral-ci-29c4bd19,-1,-1,-1,False,True,False,False
direwolf-github/ephemeral-ci-29c4c21e,-1,-1,-1,False,True,False,False
direwolf-github/ephemeral-ci-29c4c9f9,-1,-1,-1,False,True,False,False
direwolf-github/ephemeral-ci-29c4ca95,-1,-1,-1,False,True,False,False
direwolf-github/ephemeral-ci-29c4caca,-1,-1,-1,False,True,False,False
direwolf-github/ephemeral-ci-29c4e28e,-1,-1,-1,False,True,False,False
direwolf-github/ephemeral-ci-29c5006f,-1,-1,-1,False,True,False,False
direwolf-github/ephemeral-ci-29c5099f,-1,-1,-1,False,True,False,False
direwolf-github/ephemeral-ci-29c51ee2,-1,-1,-1,False,True,False,False
direwolf-github/ephemeral-ci-29c53b9c,-1,-1,-1,False,True,False,False
direwolf-github/ephemeral-ci-29c5488f,-1,-1,-1,False,True,False,False
direwolf-github/ephemeral-ci-29c55093,-1,-1,-1,False,True,False,False
direwolf-github/ephemeral-ci-29c55aa2,-1,-1,-1,False,True,False,False
direwolf-github/ephemeral-ci-29c55af0,-1,-1,-1,False,True,False,False
direwolf-github/ephemeral-ci-29c55b2f,-1,-1,-1,False,True,False,False
direwolf-github/ephemeral-ci-29c55b44,-1,-1,-1,False,True,False,False
direwolf-github/ephemeral-ci-29c55d89,-1,-1,-1,False,True,False,False
direwolf-github/ephemeral-ci-29c55fcb,-1,-1,-1,False,True,False,False
direwolf-github/ephemeral-ci-29c56641,-1,-1,-1,False,True,False,False
direwolf-github/ephemeral-ci-29c582df,-1,-1,-1,False,True,False,False
direwolf-github/ephemeral-ci-29c58e69,-1,-1,-1,False,True,False,False
direwolf-github/ephemeral-ci-29c59685,-1,-1,-1,False,True,False,False
direwolf-github/ephemeral-ci-29c5977d,-1,-1,-1,False,True,False,False
direwolf-github/ephemeral-ci-29c59919,-1,-1,-1,False,True,False,False
direwolf-github/ephemeral-ci-29c5a953,-1,-1,-1,False,True,False,False
direwolf-github/ephemeral-ci-29c5cdc9,-1,-1,-1,False,True,False,False
direwolf-github/ephemeral-ci-29c5d07e,-1,-1,-1,False,True,False,False
direwolf-github/ephemeral-ci-29c5dd1d,-1,-1,-1,False,True,False,False
direwolf-github/ephemeral-ci-29c5df99,-1,-1,-1,False,True,False,False
direwolf-github/ephemeral-ci-29c5f064,-1,-1,-1,False,True,False,False
direwolf-github/ephemeral-ci-29c601e2,-1,-1,-1,False,True,False,False
direwolf-github/ephemeral-ci-29c605f8,-1,-1,-1,False,True,False,False
direwolf-github/ephemeral-ci-29c60c19,-1,-1,-1,False,True,False,False
direwolf-github/ephemeral-ci-29c60ee0,-1,-1,-1,False,True,False,False
direwolf-github/ephemeral-ci-29c610e5,-1,-1,-1,False,True,False,False
direwolf-github/ephemeral-ci-29c61d7d,-1,-1,-1,False,True,False,False
direwolf-github/ephemeral-ci-29c627f3,-1,-1,-1,False,True,False,False
direwolf-github/ephemeral-ci-29c628d0,-1,-1,-1,False,True,False,False
direwolf-github/ephemeral-ci-29c62e18,-1,-1,-1,False,True,False,False
direwolf-github/ephemeral-ci-29c631be,-1,-1,-1,False,True,False,False
direwolf-github/ephemeral-ci-29c63982,-1,-1,-1,False,True,False,False
direwolf-github/ephemeral-ci-29c64023,-1,-1,-1,False,True,False,False
direwolf-github/ephemeral-ci-29c64607,-1,-1,-1,False,True,False,False
direwolf-github/ephemeral-ci-29c649f6,-1,-1,-1,False,True,False,False
direwolf-github/ephemeral-ci-29c64d64,-1,-1,-1,False,True,False,False
direwolf-github/ephemeral-ci-29c65310,-1,-1,-1,False,True,False,False
direwolf-github/ephemeral-ci-29c65e55,-1,-1,-1,False,True,False,False
direwolf-github/ephemeral-ci-29c66c4e,-1,-1,-1,False,True,False,False
direwolf-github/ephemeral-ci-29c6774b,-1,-1,-1,False,True,False,False
direwolf-github/ephemeral-ci-29c68065,-1,-1,-1,False,True,False,False
direwolf-github/ephemeral-ci-29c68b9f,-1,-1,-1,False,True,False,False
direwolf-github/ephemeral-ci-29c68ba6,-1,-1,-1,False,True,False,False
direwolf-github/ephemeral-ci-29c68bbc,-1,-1,-1,False,True,False,False
direwolf-github/ephemeral-ci-29c69557,-1,-1,-1,False,True,False,False
direwolf-github/ephemeral-ci-29c69aec,-1,-1,-1,False,True,False,False
direwolf-github/ephemeral-ci-29c6a650,-1,-1,-1,False,True,False,False
direwolf-github/ephemeral-ci-29c6a8c7,-1,-1,-1,False,True,False,False
direwolf-github/ephemeral-ci-29c6ac32,-1,-1,-1,False,True,False,False
direwolf-github/ephemeral-ci-29c6b19a,-1,-1,-1,False,True,False,False
direwolf-github/ephemeral-ci-29c6b92f,-1,-1,-1,False,True,False,False
direwolf-github/ephemeral-ci-29c6c9d5,-1,-1,-1,False,True,False,False
direwolf-github/ephemeral-ci-29c6ce67,-1,-1,-1,False,True,False,False
direwolf-github/ephemeral-ci-29c6d1de,-1,-1,-1,False,True,False,False
direwolf-github/ephemeral-ci-29c6ec11,-1,-1,-1,False,True,False,False
direwolf-github/ephemeral-ci-29c6ed74,-1,-1,-1,False,True,False,False
direwolf-github/ephemeral-ci-29c6eddb,-1,-1,-1,False,True,False,False
direwolf-github/ephemeral-ci-29c700b6,-1,-1,-1,False,True,False,False
direwolf-github/ephemeral-ci-29c7016c,-1,-1,-1,False,True,False,False
direwolf-github/ephemeral-ci-29c70abb,-1,-1,-1,False,True,False,False
direwolf-github/ephemeral-ci-29c70fd7,-1,-1,-1,False,True,False,False
direwolf-github/ephemeral-ci-29c71301,-1,-1,-1,False,True,False,False
direwolf-github/ephemeral-ci-29c73cbe,-1,-1,-1,False,True,False,False
direwolf-github/ephemeral-ci-29c74e78,-1,-1,-1,False,True,False,False
direwolf-github/ephemeral-ci-29c74f50,-1,-1,-1,False,True,False,False
direwolf-github/ephemeral-ci-29c74fe4,-1,-1,-1,False,True,False,False
direwolf-github/ephemeral-ci-29c752e7,-1,-1,-1,False,True,False,False
direwolf-github/ephemeral-ci-29c759ec,-1,-1,-1,False,True,False,False
direwolf-github/ephemeral-ci-29c75f0d,-1,-1,-1,False,True,False,False
direwolf-github/ephemeral-ci-29c76241,-1,-1,-1,False,True,False,False
direwolf-github/ephemeral-ci-29c76293,-1,-1,-1,False,True,False,False
direwolf-github/ephemeral-ci-29c7683c,-1,-1,-1,False,True,False,False
direwolf-github/ephemeral-ci-29c77793,-1,-1,-1,False,True,False,False
direwolf-github/ephemeral-ci-29c79600,-1,-1,-1,False,True,False,False
direwolf-github/ephemeral-ci-29c79681,-1,-1,-1,False,True,False,False
direwolf-github/ephemeral-ci-29c7984f,-1,-1,-1,False,True,False,False
direwolf-github/ephemeral-ci-29c79a5b,-1,-1,-1,False,True,False,False
direwolf-github/ephemeral-ci-29c79dad,-1,-1,-1,False,True,False,False
direwolf-github/ephemeral-ci-29c7afa7,-1,-1,-1,False,True,False,False
direwolf-github/ephemeral-ci-29c7b10a,-1,-1,-1,False,True,False,False
direwolf-github/ephemeral-ci-29c7b31b,-1,-1,-1,False,True,False,False
direwolf-github/ephemeral-ci-29c7be9b,-1,-1,-1,False,True,False,False
direwolf-github/ephemeral-ci-29c7c2ec,-1,-1,-1,False,True,False,False
direwolf-github/ephemeral-ci-29c7c6f3,-1,-1,-1,False,True,False,False
direwolf-github/ephemeral-ci-29c7ce45,-1,-1,-1,False,True,False,False
direwolf-github/ephemeral-ci-29c7dcf2,-1,-1,-1,False,True,False,False
direwolf-github/ephemeral-ci-29c7e7b3,-1,-1,-1,False,True,False,False
direwolf-github/ephemeral-ci-29c7e82f,-1,-1,-1,False,True,False,False
direwolf-github/ephemeral-ci-29c7fe13,-1,-1,-1,False,True,False,False
direwolf-github/ephemeral-ci-29c7ff59,-1,-1,-1,False,True,False,False
direwolf-github/ephemeral-ci-29c81819,-1,-1,-1,False,True,False,False
direwolf-github/ephemeral-ci-29c81aa9,-1,-1,-1,False,True,False,False
direwolf-github/ephemeral-ci-29c81bd3,-1,-1,-1,False,True,False,False
direwolf-github/ephemeral-ci-29c81cb3,-1,-1,-1,False,True,False,False
direwolf-github/ephemeral-ci-29c81cdb,-1,-1,-1,False,True,False,False
direwolf-github/ephemeral-ci-29c82545,-1,-1,-1,False,True,False,False
direwolf-github/ephemeral-ci-29c8378b,-1,-1,-1,False,True,False,False
direwolf-github/ephemeral-ci-29c83ddd,-1,-1,-1,False,True,False,False
direwolf-github/ephemeral-ci-29c84a25,-1,-1,-1,False,True,False,False
direwolf-github/ephemeral-ci-29c8510b,-1,-1,-1,False,True,False,False
direwolf-github/ephemeral-ci-29c85209,-1,-1,-1,False,True,False,False
direwolf-github/ephemeral-ci-29c855ab,-1,-1,-1,False,True,False,False
direwolf-github/ephemeral-ci-29c858c9,-1,-1,-1,False,True,False,False
direwolf-github/ephemeral-ci-29c87a1a,-1,-1,-1,False,True,False,False
direwolf-github/ephemeral-ci-29c87b29,-1,-1,-1,False,True,False,False
direwolf-github/ephemeral-ci-29c8826b,-1,-1,-1,False,True,False,False
direwolf-github/ephemeral-ci-29c882fd,-1,-1,-1,False,True,False,False
direwolf-github/ephemeral-ci-29c88667,-1,-1,-1,False,True,False,False
direwolf-github/ephemeral-ci-29c888eb,-1,-1,-1,False,True,False,False
direwolf-github/ephemeral-ci-29c88967,-1,-1,-1,False,True,False,False
direwolf-github/ephemeral-ci-29c89818,-1,-1,-1,False,True,False,False
direwolf-github/ephemeral-ci-29c8a75b,-1,-1,-1,False,True,False,False
direwolf-github/ephemeral-ci-29c8aaa7,-1,-1,-1,False,True,False,False
direwolf-github/ephemeral-ci-29c8ad9a,-1,-1,-1,False,True,False,False
direwolf-github/ephemeral-ci-29c8d644,-1,-1,-1,False,True,False,False
direwolf-github/ephemeral-ci-29c8d91b,-1,-1,-1,False,True,False,False
direwolf-github/ephemeral-ci-29c8df56,-1,-1,-1,False,True,False,False
direwolf-github/ephemeral-ci-29c8e991,-1,-1,-1,False,True,False,False
direwolf-github/ephemeral-ci-29c8eca8,-1,-1,-1,False,True,False,False
direwolf-github/ephemeral-ci-29c8f3f1,-1,-1,-1,False,True,False,False
direwolf-github/ephemeral-ci-29c8f8f4,-1,-1,-1,False,True,False,False
direwolf-github/ephemeral-ci-29c8fbd3,-1,-1,-1,False,True,False,False
direwolf-github/ephemeral-ci-29c90045,-1,-1,-1,False,True,False,False
direwolf-github/ephemeral-ci-29c90d98,-1,-1,-1,False,True,False,False
direwolf-github/ephemeral-ci-29c91c94,-1,-1,-1,False,True,False,False
direwolf-github/ephemeral-ci-29c9282e,-1,-1,-1,False,True,False,False
direwolf-github/ephemeral-ci-29c929f2,-1,-1,-1,False,True,False,False
direwolf-github/ephemeral-ci-29c92de4,-1,-1,-1,False,True,False,False
direwolf-github/ephemeral-ci-29c92f7e,-1,-1,-1,False,True,False,False
direwolf-github/ephemeral-ci-29c941eb,-1,-1,-1,False,True,False,False
direwolf-github/ephemeral-ci-29c94c6b,-1,-1,-1,False,True,False,False
direwolf-github/ephemeral-ci-29c94d0d,-1,-1,-1,False,True,False,False
direwolf-github/ephemeral-ci-29c954fd,-1,-1,-1,False,True,False,False
direwolf-github/ephemeral-ci-29c95d2b,-1,-1,-1,False,True,False,False
direwolf-github/ephemeral-ci-29c96825,-1,-1,-1,False,True,False,False
direwolf-github/ephemeral-ci-29c97661,-1,-1,-1,False,True,False,False
direwolf-github/ephemeral-ci-29c984d1,-1,-1,-1,False,True,False,False
direwolf-github/ephemeral-ci-29c9852e,-1,-1,-1,False,True,False,False
direwolf-github/ephemeral-ci-29c9945a,-1,-1,-1,False,True,False,False
direwolf-github/ephemeral-ci-29c9963f,-1,-1,-1,False,True,False,False
direwolf-github/ephemeral-ci-29c9a3d5,-1,-1,-1,False,True,False,False
direwolf-github/ephemeral-ci-29c9b188,-1,-1,-1,False,True,False,False
direwolf-github/ephemeral-ci-29c9b389,-1,-1,-1,False,True,False,False
direwolf-github/ephemeral-ci-29c9c917,-1,-1,-1,False,True,False,False
direwolf-github/ephemeral-ci-29c9df5b,-1,-1,-1,False,True,False,False
direwolf-github/ephemeral-ci-29c9e119,-1,-1,-1,False,True,False,False
direwolf-github/ephemeral-ci-29c9efea,-1,-1,-1,False,True,False,False
direwolf-github/ephemeral-ci-29c9fc50,-1,-1,-1,False,True,False,False
direwolf-github/ephemeral-ci-29c9fccf,-1,-1,-1,False,True,False,False
direwolf-github/ephemeral-ci-29ca0b26,-1,-1,-1,False,True,False,False
direwolf-github/ephemeral-ci-29ca0d8f,-1,-1,-1,False,True,False,False
direwolf-github/ephemeral-ci-29ca0dc3,-1,-1,-1,False,True,False,False
direwolf-github/ephemeral-ci-29ca1acb,-1,-1,-1,False,True,False,False
direwolf-github/ephemeral-ci-29ca1b25,-1,-1,-1,False,True,False,False
direwolf-github/ephemeral-ci-29ca22f0,-1,-1,-1,False,True,False,False
direwolf-github/ephemeral-ci-29ca3c6d,-1,-1,-1,False,True,False,False
direwolf-github/ephemeral-ci-29ca3d78,-1,-1,-1,False,True,False,False
direwolf-github/ephemeral-ci-29ca4274,-1,-1,-1,False,True,False,False
direwolf-github/ephemeral-ci-29ca484f,-1,-1,-1,False,True,False,False
direwolf-github/ephemeral-ci-29ca4dbb,-1,-1,-1,False,True,False,False
direwolf-github/ephemeral-ci-29ca4f63,-1,-1,-1,False,True,False,False
direwolf-github/ephemeral-ci-29ca538a,-1,-1,-1,False,True,False,False
direwolf-github/ephemeral-ci-29ca6ea7,-1,-1,-1,False,True,False,False
direwolf-github/ephemeral-ci-29ca6fd7,-1,-1,-1,False,True,False,False
direwolf-github/ephemeral-ci-29ca8dbd,-1,-1,-1,False,True,False,False
direwolf-github/ephemeral-ci-29ca905f,-1,-1,-1,False,True,False,False
direwolf-github/ephemeral-ci-29ca9916,-1,-1,-1,False,True,False,False
direwolf-github/ephemeral-ci-29cab12e,-1,-1,-1,False,True,False,False
direwolf-github/ephemeral-ci-29cab64c,-1,-1,-1,False,True,False,False
direwolf-github/ephemeral-ci-29cabf67,-1,-1,-1,False,True,False,False
direwolf-github/ephemeral-ci-29cac152,-1,-1,-1,False,True,False,False
direwolf-github/ephemeral-ci-29cad4b8,-1,-1,-1,False,True,False,False
direwolf-github/ephemeral-ci-29cad8a5,-1,-1,-1,False,True,False,False
direwolf-github/ephemeral-ci-29cadff3,-1,-1,-1,False,True,False,False
direwolf-github/ephemeral-ci-29cae44c,-1,-1,-1,False,True,False,False
direwolf-github/ephemeral-ci-29caeb4e,-1,-1,-1,False,True,False,False
direwolf-github/ephemeral-ci-29caef04,-1,-1,-1,False,True,False,False
direwolf-github/ephemeral-ci-29caf148,-1,-1,-1,False,True,False,False
direwolf-github/ephemeral-ci-29caf654,-1,-1,-1,False,True,False,False
direwolf-github/ephemeral-ci-29cb0084,-1,-1,-1,False,True,False,False
direwolf-github/ephemeral-ci-29cb00cf,-1,-1,-1,False,True,False,False
direwolf-github/ephemeral-ci-29cb21f2,-1,-1,-1,False,True,False,False
direwolf-github/ephemeral-ci-29cb2bf4,-1,-1,-1,False,True,False,False
direwolf-github/ephemeral-ci-29cb2ed3,-1,-1,-1,False,True,False,False
direwolf-github/ephemeral-ci-29cb3747,-1,-1,-1,False,True,False,False
direwolf-github/ephemeral-ci-29cb37c8,-1,-1,-1,False,True,False,False
direwolf-github/ephemeral-ci-29cb6e3f,-1,-1,-1,False,True,False,False
direwolf-github/ephemeral-ci-29cb7234,-1,-1,-1,False,True,False,False
direwolf-github/ephemeral-ci-29cb7bb9,-1,-1,-1,False,True,False,False
direwolf-github/ephemeral-ci-29cb829d,-1,-1,-1,False,True,False,False
direwolf-github/ephemeral-ci-29cb8d00,-1,-1,-1,False,True,False,False
direwolf-github/ephemeral-ci-29cb998c,-1,-1,-1,False,True,False,False
direwolf-github/ephemeral-ci-29cbb553,-1,-1,-1,False,True,False,False
direwolf-github/ephemeral-ci-29cbba77,-1,-1,-1,False,True,False,False
direwolf-github/ephemeral-ci-29cbc50a,-1,-1,-1,False,True,False,False
direwolf-github/ephemeral-ci-29cbcd69,-1,-1,-1,False,True,False,False
direwolf-github/ephemeral-ci-29cbd0b8,-1,-1,-1,False,True,False,False
direwolf-github/ephemeral-ci-29cbd55c,-1,-1,-1,False,True,False,False
direwolf-github/ephemeral-ci-29cbe2d8,-1,-1,-1,False,True,False,False
direwolf-github/ephemeral-ci-29cbfac9,-1,-1,-1,False,True,False,False
direwolf-github/ephemeral-ci-29cbffdd,-1,-1,-1,False,True,False,False
direwolf-github/ephemeral-ci-29cbffea,-1,-1,-1,False,True,False,False
direwolf-github/ephemeral-ci-29cc0422,-1,-1,-1,False,True,False,False
direwolf-github/ephemeral-ci-29cc0fba,-1,-1,-1,False,True,False,False
direwolf-github/ephemeral-ci-29cc1645,-1,-1,-1,False,True,False,False
direwolf-github/ephemeral-ci-29cc19a8,-1,-1,-1,False,True,False,False
direwolf-github/ephemeral-ci-29cc2763,-1,-1,-1,False,True,False,False
direwolf-github/ephemeral-ci-29cc2b80,-1,-1,-1,False,True,False,False
direwolf-github/ephemeral-ci-29cc3958,-1,-1,-1,False,True,False,False
direwolf-github/ephemeral-ci-29cc4084,-1,-1,-1,False,True,False,False
direwolf-github/ephemeral-ci-29cc525d,-1,-1,-1,False,True,False,False
direwolf-github/ephemeral-ci-29cc61eb,-1,-1,-1,False,True,False,False
direwolf-github/ephemeral-ci-29cc75be,-1,-1,-1,False,True,False,False
direwolf-github/ephemeral-ci-29cc8458,-1,-1,-1,False,True,False,False
direwolf-github/ephemeral-ci-29cc8bfb,-1,-1,-1,False,True,False,False
direwolf-github/ephemeral-ci-29cc9067,-1,-1,-1,False,True,False,False
direwolf-github/ephemeral-ci-29cc9521,-1,-1,-1,False,True,False,False
direwolf-github/ephemeral-ci-29cc9c1b,-1,-1,-1,False,True,False,False
direwolf-github/ephemeral-ci-29cca6e1,-1,-1,-1,False,True,False,False
direwolf-github/ephemeral-ci-29ccaacc,-1,-1,-1,False,True,False,False
direwolf-github/ephemeral-ci-29ccbce8,-1,-1,-1,False,True,False,False
direwolf-github/ephemeral-ci-29cccab6,-1,-1,-1,False,True,False,False
direwolf-github/ephemeral-ci-29ccf765,-1,-1,-1,False,True,False,False
direwolf-github/ephemeral-ci-29cd0053,-1,-1,-1,False,True,False,False
direwolf-github/ephemeral-ci-29cd00fc,-1,-1,-1,False,True,False,False
direwolf-github/ephemeral-ci-29cd0c99,-1,-1,-1,False,True,False,False
direwolf-github/ephemeral-ci-29cd1eb0,-1,-1,-1,False,True,False,False
direwolf-github/ephemeral-ci-29cd2791,-1,-1,-1,False,True,False,False
direwolf-github/ephemeral-ci-29cd2c1b,-1,-1,-1,False,True,False,False
direwolf-github/ephemeral-ci-29cd38e6,-1,-1,-1,False,True,False,False
direwolf-github/ephemeral-ci-29cd4d16,-1,-1,-1,False,True,False,False
direwolf-github/ephemeral-ci-29cd5517,-1,-1,-1,False,True,False,False
direwolf-github/ephemeral-ci-29cd6832,-1,-1,-1,False,True,False,False
direwolf-github/ephemeral-ci-29cd74be,-1,-1,-1,False,True,False,False
direwolf-github/ephemeral-ci-29cd9308,-1,-1,-1,False,True,False,False
direwolf-github/ephemeral-ci-29cd9449,-1,-1,-1,False,True,False,False
direwolf-github/ephemeral-ci-29cd9768,-1,-1,-1,False,True,False,False
direwolf-github/ephemeral-ci-29cd9d22,-1,-1,-1,False,True,False,False
direwolf-github/ephemeral-ci-29cda0f7,-1,-1,-1,False,True,False,False
direwolf-github/ephemeral-ci-29cda64d,-1,-1,-1,False,True,False,False
direwolf-github/ephemeral-ci-29cda6b7,-1,-1,-1,False,True,False,False
direwolf-github/ephemeral-ci-29cdafc6,-1,-1,-1,False,True,False,False
direwolf-github/ephemeral-ci-29cdb1c8,-1,-1,-1,False,True,False,False
direwolf-github/ephemeral-ci-29cdc4ef,-1,-1,-1,False,True,False,False
direwolf-github/ephemeral-ci-29cdcab4,-1,-1,-1,False,True,False,False
direwolf-github/ephemeral-ci-29cdd018,-1,-1,-1,False,True,False,False
direwolf-github/ephemeral-ci-29cdd464,-1,-1,-1,False,True,False,False
direwolf-github/ephemeral-ci-29cddb4c,-1,-1,-1,False,True,False,False
direwolf-github/ephemeral-ci-29cdee49,-1,-1,-1,False,True,False,False
direwolf-github/ephemeral-ci-29cdf94c,-1,-1,-1,False,True,False,False
direwolf-github/ephemeral-ci-29cdfb7c,-1,-1,-1,False,True,False,False
direwolf-github/ephemeral-ci-29cdfde9,-1,-1,-1,False,True,False,False
direwolf-github/ephemeral-ci-29ce01aa,-1,-1,-1,False,True,False,False
direwolf-github/ephemeral-ci-29ce066b,-1,-1,-1,False,True,False,False
direwolf-github/ephemeral-ci-29ce0801,-1,-1,-1,False,True,False,False
direwolf-github/ephemeral-ci-29ce15c8,-1,-1,-1,False,True,False,False
direwolf-github/ephemeral-ci-29ce1946,-1,-1,-1,False,True,False,False
direwolf-github/ephemeral-ci-29ce1d02,-1,-1,-1,False,True,False,False
direwolf-github/ephemeral-ci-29ce22b9,-1,-1,-1,False,True,False,False
direwolf-github/ephemeral-ci-29ce29b3,-1,-1,-1,False,True,False,False
direwolf-github/ephemeral-ci-29ce34f2,-1,-1,-1,False,True,False,False
direwolf-github/ephemeral-ci-29ce4293,-1,-1,-1,False,True,False,False
direwolf-github/ephemeral-ci-29ce4520,-1,-1,-1,False,True,False,False
direwolf-github/ephemeral-ci-29ce496a,-1,-1,-1,False,True,False,False
direwolf-github/ephemeral-ci-29ce4b16,-1,-1,-1,False,True,False,False
direwolf-github/ephemeral-ci-29ce4f7e,-1,-1,-1,False,True,False,False
direwolf-github/ephemeral-ci-29ce53bd,-1,-1,-1,False,True,False,False
direwolf-github/ephemeral-ci-29ce540e,-1,-1,-1,False,True,False,False
direwolf-github/ephemeral-ci-29ce592a,-1,-1,-1,False,True,False,False
direwolf-github/ephemeral-ci-29ce5961,-1,-1,-1,False,True,False,False
direwolf-github/ephemeral-ci-29ce5c70,-1,-1,-1,False,True,False,False
direwolf-github/ephemeral-ci-29ce68d3,-1,-1,-1,False,True,False,False
direwolf-github/ephemeral-ci-29ce740e,-1,-1,-1,False,True,False,False
direwolf-github/ephemeral-ci-29ce8ef5,-1,-1,-1,False,True,False,False
direwolf-github/ephemeral-ci-29ce8f86,-1,-1,-1,False,True,False,False
direwolf-github/ephemeral-ci-29cea467,-1,-1,-1,False,True,False,False
direwolf-github/ephemeral-ci-29cea632,-1,-1,-1,False,True,False,False
direwolf-github/ephemeral-ci-29ceaa74,-1,-1,-1,False,True,False,False
direwolf-github/ephemeral-ci-29ceb413,-1,-1,-1,False,True,False,False
direwolf-github/ephemeral-ci-29cebf7b,-1,-1,-1,False,True,False,False
direwolf-github/ephemeral-ci-29cecdb6,-1,-1,-1,False,True,False,False
direwolf-github/ephemeral-ci-29ced5b4,-1,-1,-1,False,True,False,False
direwolf-github/ephemeral-ci-29ced9ce,-1,-1,-1,False,True,False,False
direwolf-github/ephemeral-ci-29cee476,-1,-1,-1,False,True,False,False
direwolf-github/ephemeral-ci-29ceefc8,-1,-1,-1,False,True,False,False
direwolf-github/ephemeral-ci-29cef0c1,-1,-1,-1,False,True,False,False
direwolf-github/ephemeral-ci-29cefb9e,-1,-1,-1,False,True,False,False
direwolf-github/ephemeral-ci-29cf038a,-1,-1,-1,False,True,False,False
direwolf-github/ephemeral-ci-29cf0551,-1,-1,-1,False,True,False,False
direwolf-github/ephemeral-ci-29cf08d7,-1,-1,-1,False,True,False,False
direwolf-github/ephemeral-ci-29cf121e,-1,-1,-1,False,True,False,False
direwolf-github/ephemeral-ci-29cf155a,-1,-1,-1,False,True,False,False
direwolf-github/ephemeral-ci-29cf1931,-1,-1,-1,False,True,False,False
direwolf-github/ephemeral-ci-29cf1ae6,-1,-1,-1,False,True,False,False
direwolf-github/ephemeral-ci-29cf1b13,-1,-1,-1,False,True,False,False
direwolf-github/ephemeral-ci-29cf24da,-1,-1,-1,False,True,False,False
direwolf-github/ephemeral-ci-29cf2fca,-1,-1,-1,False,True,False,False
direwolf-github/ephemeral-ci-29cf4cdd,-1,-1,-1,False,True,False,False
direwolf-github/ephemeral-ci-29cf61d3,-1,-1,-1,False,True,False,False
direwolf-github/ephemeral-ci-29cf946b,-1,-1,-1,False,True,False,False
direwolf-github/ephemeral-ci-29cf960a,-1,-1,-1,False,True,False,False
direwolf-github/ephemeral-ci-29cf97a7,-1,-1,-1,False,True,False,False
direwolf-github/ephemeral-ci-29cf9b3e,-1,-1,-1,False,True,False,False
direwolf-github/ephemeral-ci-29cfa802,-1,-1,-1,False,True,False,False
direwolf-github/ephemeral-ci-29cfbd55,-1,-1,-1,False,True,False,False
direwolf-github/ephemeral-ci-29cfca4e,-1,-1,-1,False,True,False,False
direwolf-github/ephemeral-ci-29cfd434,-1,-1,-1,False,True,False,False
direwolf-github/ephemeral-ci-29cfdb32,-1,-1,-1,False,True,False,False
direwolf-github/ephemeral-ci-29cfe27c,-1,-1,-1,False,True,False,False
direwolf-github/ephemeral-ci-29cfe733,-1,-1,-1,False,True,False,False
direwolf-github/ephemeral-ci-29cff118,-1,-1,-1,False,True,False,False
direwolf-github/ephemeral-ci-29cff35d,-1,-1,-1,False,True,False,False
direwolf-github/ephemeral-ci-29cffbc2,-1,-1,-1,False,True,False,False
direwolf-github/ephemeral-ci-29d002e5,-1,-1,-1,False,True,False,False
direwolf-github/ephemeral-ci-29d01278,-1,-1,-1,False,True,False,False
direwolf-github/ephemeral-ci-29d01e85,-1,-1,-1,False,True,False,False
direwolf-github/ephemeral-ci-29d03ba4,-1,-1,-1,False,True,False,False
direwolf-github/ephemeral-ci-29d04130,-1,-1,-1,False,True,False,False
direwolf-github/ephemeral-ci-29d04e94,-1,-1,-1,False,True,False,False
direwolf-github/ephemeral-ci-29d052c5,-1,-1,-1,False,True,False,False
direwolf-github/ephemeral-ci-29d05537,-1,-1,-1,False,True,False,False
direwolf-github/ephemeral-ci-29d0553a,-1,-1,-1,False,True,False,False
direwolf-github/ephemeral-ci-29d0577c,-1,-1,-1,False,True,False,False
direwolf-github/ephemeral-ci-29d0640f,-1,-1,-1,False,True,False,False
direwolf-github/ephemeral-ci-29d0698e,-1,-1,-1,False,True,False,False
direwolf-github/ephemeral-ci-29d08163,-1,-1,-1,False,True,False,False
direwolf-github/ephemeral-ci-29d081a3,-1,-1,-1,False,True,False,False
direwolf-github/ephemeral-ci-29d08569,-1,-1,-1,False,True,False,False
direwolf-github/ephemeral-ci-29d08695,-1,-1,-1,False,True,False,False
direwolf-github/ephemeral-ci-29d093d4,-1,-1,-1,False,True,False,False
direwolf-github/ephemeral-ci-29d0999d,-1,-1,-1,False,True,False,False
direwolf-github/ephemeral-ci-29d09b76,-1,-1,-1,False,True,False,False
direwolf-github/ephemeral-ci-29d0c777,-1,-1,-1,False,True,False,False
direwolf-github/ephemeral-ci-29d0d8fc,-1,-1,-1,False,True,False,False
direwolf-github/ephemeral-ci-29d0d9f8,-1,-1,-1,False,True,False,False
direwolf-github/ephemeral-ci-29d0db16,-1,-1,-1,False,True,False,False
direwolf-github/ephemeral-ci-29d0e454,-1,-1,-1,False,True,False,False
direwolf-github/ephemeral-ci-29d0e95a,-1,-1,-1,False,True,False,False
direwolf-github/ephemeral-ci-29d12186,-1,-1,-1,False,True,False,False
direwolf-github/ephemeral-ci-29d125da,-1,-1,-1,False,True,False,False
direwolf-github/ephemeral-ci-29d128d9,-1,-1,-1,False,True,False,False
direwolf-github/ephemeral-ci-29d135dd,-1,-1,-1,False,True,False,False
direwolf-github/ephemeral-ci-29d13817,-1,-1,-1,False,True,False,False
direwolf-github/ephemeral-ci-29d13a35,-1,-1,-1,False,True,False,False
direwolf-github/ephemeral-ci-29d13faa,-1,-1,-1,False,True,False,False
direwolf-github/ephemeral-ci-29d155d3,-1,-1,-1,False,True,False,False
direwolf-github/ephemeral-ci-29d1565d,-1,-1,-1,False,True,False,False
direwolf-github/ephemeral-ci-29d157e5,-1,-1,-1,False,True,False,False
direwolf-github/ephemeral-ci-29d173ad,-1,-1,-1,False,True,False,False
direwolf-github/ephemeral-ci-29d18b6c,-1,-1,-1,False,True,False,False
direwolf-github/ephemeral-ci-29d1981c,-1,-1,-1,False,True,False,False
direwolf-github/ephemeral-ci-29d19be2,-1,-1,-1,False,True,False,False
direwolf-github/ephemeral-ci-29d1a53f,-1,-1,-1,False,True,False,False
direwolf-github/ephemeral-ci-29d1ad8a,-1,-1,-1,False,True,False,False
direwolf-github/ephemeral-ci-29d1b354,-1,-1,-1,False,True,False,False
direwolf-github/ephemeral-ci-29d1b909,-1,-1,-1,False,True,False,False
direwolf-github/ephemeral-ci-29d1bed0,-1,-1,-1,False,True,False,False
direwolf-github/ephemeral-ci-29d1dc66,-1,-1,-1,False,True,False,False
direwolf-github/ephemeral-ci-29d1f7f4,-1,-1,-1,False,True,False,False
direwolf-github/ephemeral-ci-29d1fd82,-1,-1,-1,False,True,False,False
direwolf-github/ephemeral-ci-29d222d3,-1,-1,-1,False,True,False,False
direwolf-github/ephemeral-ci-29d23351,-1,-1,-1,False,True,False,False
direwolf-github/ephemeral-ci-29d23afd,-1,-1,-1,False,True,False,False
direwolf-github/ephemeral-ci-29d24719,-1,-1,-1,False,True,False,False
direwolf-github/ephemeral-ci-29d24a71,-1,-1,-1,False,True,False,False
direwolf-github/ephemeral-ci-29d24b1a,-1,-1,-1,False,True,False,False
direwolf-github/ephemeral-ci-29d24e67,-1,-1,-1,False,True,False,False
direwolf-github/ephemeral-ci-29d2642d,-1,-1,-1,False,True,False,False
direwolf-github/ephemeral-ci-29d27d87,-1,-1,-1,False,True,False,False
direwolf-github/ephemeral-ci-29d298f9,-1,-1,-1,False,True,False,False
direwolf-github/ephemeral-ci-29d29ec1,-1,-1,-1,False,True,False,False
direwolf-github/ephemeral-ci-29d2baa4,-1,-1,-1,False,True,False,False
direwolf-github/ephemeral-ci-29d2bf62,-1,-1,-1,False,True,False,False
direwolf-github/ephemeral-ci-29d2c5b0,-1,-1,-1,False,True,False,False
direwolf-github/ephemeral-ci-29d2d22e,-1,-1,-1,False,True,False,False
direwolf-github/ephemeral-ci-29d2d34e,-1,-1,-1,False,True,False,False
direwolf-github/ephemeral-ci-29d2d579,-1,-1,-1,False,True,False,False
direwolf-github/ephemeral-ci-29d2d6be,-1,-1,-1,False,True,False,False
direwolf-github/ephemeral-ci-29d2d74b,-1,-1,-1,False,True,False,False
direwolf-github/ephemeral-ci-29d2e03d,-1,-1,-1,False,True,False,False
direwolf-github/ephemeral-ci-29d2ed86,-1,-1,-1,False,True,False,False
direwolf-github/ephemeral-ci-29d2f7e8,-1,-1,-1,False,True,False,False
direwolf-github/ephemeral-ci-29d2fe50,-1,-1,-1,False,True,False,False
direwolf-github/ephemeral-ci-29d2ffcd,-1,-1,-1,False,True,False,False
direwolf-github/ephemeral-ci-29d3113e,-1,-1,-1,False,True,False,False
direwolf-github/ephemeral-ci-29d31cbc,-1,-1,-1,False,True,False,False
direwolf-github/ephemeral-ci-29d32e58,-1,-1,-1,False,True,False,False
direwolf-github/ephemeral-ci-29d3356c,-1,-1,-1,False,True,False,False
direwolf-github/ephemeral-ci-29d34264,-1,-1,-1,False,True,False,False
direwolf-github/ephemeral-ci-29d34396,-1,-1,-1,False,True,False,False
direwolf-github/ephemeral-ci-29d3498c,-1,-1,-1,False,True,False,False
direwolf-github/ephemeral-ci-29d34bac,-1,-1,-1,False,True,False,False
direwolf-github/ephemeral-ci-29d35282,-1,-1,-1,False,True,False,False
direwolf-github/ephemeral-ci-29d35823,-1,-1,-1,False,True,False,False
direwolf-github/ephemeral-ci-29d35b65,-1,-1,-1,False,True,False,False
direwolf-github/ephemeral-ci-29d36b51,-1,-1,-1,False,True,False,False
direwolf-github/ephemeral-ci-29d36d3b,-1,-1,-1,False,True,False,False
direwolf-github/ephemeral-ci-29d37039,-1,-1,-1,False,True,False,False
direwolf-github/ephemeral-ci-29d3769d,-1,-1,-1,False,True,False,False
direwolf-github/ephemeral-ci-29d376b5,-1,-1,-1,False,True,False,False
direwolf-github/ephemeral-ci-29d37d45,-1,-1,-1,False,True,False,False
direwolf-github/ephemeral-ci-29d37f1d,-1,-1,-1,False,True,False,False
direwolf-github/ephemeral-ci-29d37fb9,-1,-1,-1,False,True,False,False
direwolf-github/ephemeral-ci-29d381d3,-1,-1,-1,False,True,False,False
direwolf-github/ephemeral-ci-29d38482,-1,-1,-1,False,True,False,False
direwolf-github/ephemeral-ci-29d385a7,-1,-1,-1,False,True,False,False
direwolf-github/ephemeral-ci-29d393c1,-1,-1,-1,False,True,False,False
direwolf-github/ephemeral-ci-29d39b04,-1,-1,-1,False,True,False,False
direwolf-github/ephemeral-ci-29d3a47a,-1,-1,-1,False,True,False,False
direwolf-github/ephemeral-ci-29d3be4f,-1,-1,-1,False,True,False,False
direwolf-github/ephemeral-ci-29d3c3f3,-1,-1,-1,False,True,False,False
direwolf-github/ephemeral-ci-29d3c915,-1,-1,-1,False,True,False,False
direwolf-github/ephemeral-ci-29d3cba7,-1,-1,-1,False,True,False,False
direwolf-github/ephemeral-ci-29d3d3cc,-1,-1,-1,False,True,False,False
direwolf-github/ephemeral-ci-29d3d6f2,-1,-1,-1,False,True,False,False
direwolf-github/ephemeral-ci-29d3e132,-1,-1,-1,False,True,False,False
direwolf-github/ephemeral-ci-29d3ea74,-1,-1,-1,False,True,False,False
direwolf-github/ephemeral-ci-29d3ea8a,-1,-1,-1,False,True,False,False
direwolf-github/ephemeral-ci-29d3eba2,-1,-1,-1,False,True,False,False
direwolf-github/ephemeral-ci-29d3f0b9,-1,-1,-1,False,True,False,False
direwolf-github/ephemeral-ci-29d3fdc5,-1,-1,-1,False,True,False,False
direwolf-github/ephemeral-ci-29d403b6,-1,-1,-1,False,True,False,False
direwolf-github/ephemeral-ci-29d4058b,-1,-1,-1,False,True,False,False
direwolf-github/ephemeral-ci-29d408f5,-1,-1,-1,False,True,False,False
direwolf-github/ephemeral-ci-29d41129,-1,-1,-1,False,True,False,False
direwolf-github/ephemeral-ci-29d418d0,-1,-1,-1,False,True,False,False
direwolf-github/ephemeral-ci-29d4225c,-1,-1,-1,False,True,False,False
direwolf-github/ephemeral-ci-29d42384,-1,-1,-1,False,True,False,False
direwolf-github/ephemeral-ci-29d4279c,-1,-1,-1,False,True,False,False
direwolf-github/ephemeral-ci-29d42a99,-1,-1,-1,False,True,False,False
direwolf-github/ephemeral-ci-29d42e64,-1,-1,-1,False,True,False,False
direwolf-github/ephemeral-ci-29d436aa,-1,-1,-1,False,True,False,False
direwolf-github/ephemeral-ci-29d4686d,-1,-1,-1,False,True,False,False
direwolf-github/ephemeral-ci-29d4838f,-1,-1,-1,False,True,False,False
direwolf-github/ephemeral-ci-29d49048,-1,-1,-1,False,True,False,False
direwolf-github/ephemeral-ci-29d4942f,-1,-1,-1,False,True,False,False
direwolf-github/ephemeral-ci-29d4984d,-1,-1,-1,False,True,False,False
direwolf-github/ephemeral-ci-29d49b42,-1,-1,-1,False,True,False,False
direwolf-github/ephemeral-ci-29d49d69,-1,-1,-1,False,True,False,False
direwolf-github/ephemeral-ci-29d4a498,-1,-1,-1,False,True,False,False
direwolf-github/ephemeral-ci-29d4ae36,-1,-1,-1,False,True,False,False
direwolf-github/ephemeral-ci-29d4b9de,-1,-1,-1,False,True,False,False
direwolf-github/ephemeral-ci-29d4c84f,-1,-1,-1,False,True,False,False
direwolf-github/ephemeral-ci-29d4c86b,-1,-1,-1,False,True,False,False
direwolf-github/ephemeral-ci-29d4c988,-1,-1,-1,False,True,False,False
direwolf-github/ephemeral-ci-29d4cc35,-1,-1,-1,False,True,False,False
direwolf-github/ephemeral-ci-29d4e56f,-1,-1,-1,False,True,False,False
direwolf-github/ephemeral-ci-29d4ea30,-1,-1,-1,False,True,False,False
direwolf-github/ephemeral-ci-29d4f515,-1,-1,-1,False,True,False,False
direwolf-github/ephemeral-ci-29d4f5ab,-1,-1,-1,False,True,False,False
direwolf-github/ephemeral-ci-29d50f55,-1,-1,-1,False,True,False,False
direwolf-github/ephemeral-ci-29d5223b,-1,-1,-1,False,True,False,False
direwolf-github/ephemeral-ci-29d528a5,-1,-1,-1,False,True,False,False
direwolf-github/ephemeral-ci-29d52fb0,-1,-1,-1,False,True,False,False
direwolf-github/ephemeral-ci-29d54535,-1,-1,-1,False,True,False,False
direwolf-github/ephemeral-ci-29d548d6,-1,-1,-1,False,True,False,False
direwolf-github/ephemeral-ci-29d549f9,-1,-1,-1,False,True,False,False
direwolf-github/ephemeral-ci-29d55a37,-1,-1,-1,False,True,False,False
direwolf-github/ephemeral-ci-29d55be7,-1,-1,-1,False,True,False,False
direwolf-github/ephemeral-ci-29d56a5b,-1,-1,-1,False,True,False,False
direwolf-github/ephemeral-ci-29d57858,-1,-1,-1,False,True,False,False
direwolf-github/ephemeral-ci-29d57c61,-1,-1,-1,False,True,False,False
direwolf-github/ephemeral-ci-29d586f4,-1,-1,-1,False,True,False,False
direwolf-github/ephemeral-ci-29d58b06,-1,-1,-1,False,True,False,False
direwolf-github/ephemeral-ci-29d590e7,-1,-1,-1,False,True,False,False
direwolf-github/ephemeral-ci-29d595eb,-1,-1,-1,False,True,False,False
direwolf-github/ephemeral-ci-29d5b16d,-1,-1,-1,False,True,False,False
direwolf-github/ephemeral-ci-29d5b1b3,-1,-1,-1,False,True,False,False
direwolf-github/ephemeral-ci-29d5b4ad,-1,-1,-1,False,True,False,False
direwolf-github/ephemeral-ci-29d5b634,-1,-1,-1,False,True,False,False
direwolf-github/ephemeral-ci-29d5bc62,-1,-1,-1,False,True,False,False
direwolf-github/ephemeral-ci-29d5d3b1,-1,-1,-1,False,True,False,False
direwolf-github/ephemeral-ci-29d5dca2,-1,-1,-1,False,True,False,False
direwolf-github/ephemeral-ci-29d5df20,-1,-1,-1,False,True,False,False
direwolf-github/ephemeral-ci-29d5f65a,-1,-1,-1,False,True,False,False
direwolf-github/ephemeral-ci-29d5fa01,-1,-1,-1,False,True,False,False
direwolf-github/ephemeral-ci-29d60e4f,-1,-1,-1,False,True,False,False
direwolf-github/ephemeral-ci-29d6114d,-1,-1,-1,False,True,False,False
direwolf-github/ephemeral-ci-29d61de7,-1,-1,-1,False,True,False,False
direwolf-github/ephemeral-ci-29d62677,-1,-1,-1,False,True,False,False
direwolf-github/ephemeral-ci-29d639f1,-1,-1,-1,False,True,False,False
direwolf-github/ephemeral-ci-29d641ae,-1,-1,-1,False,True,False,False
direwolf-github/ephemeral-ci-29d641e5,-1,-1,-1,False,True,False,False
direwolf-github/ephemeral-ci-29d64d5c,-1,-1,-1,False,True,False,False
direwolf-github/ephemeral-ci-29d6536b,-1,-1,-1,False,True,False,False
direwolf-github/ephemeral-ci-29d658e4,-1,-1,-1,False,True,False,False
direwolf-github/ephemeral-ci-29d67dcd,-1,-1,-1,False,True,False,False
direwolf-github/ephemeral-ci-29d689dd,-1,-1,-1,False,True,False,False
direwolf-github/ephemeral-ci-29d69f4a,-1,-1,-1,False,True,False,False
direwolf-github/ephemeral-ci-29d6a402,-1,-1,-1,False,True,False,False
direwolf-github/ephemeral-ci-29d6a8a9,-1,-1,-1,False,True,False,False
direwolf-github/ephemeral-ci-29d6b4a9,-1,-1,-1,False,True,False,False
direwolf-github/ephemeral-ci-29d6b6b1,-1,-1,-1,False,True,False,False
direwolf-github/ephemeral-ci-29d6b7d2,-1,-1,-1,False,True,False,False
direwolf-github/ephemeral-ci-29d6dc64,-1,-1,-1,False,True,False,False
direwolf-github/ephemeral-ci-29d6e3f1,-1,-1,-1,False,True,False,False
direwolf-github/ephemeral-ci-29d6e533,-1,-1,-1,False,True,False,False
direwolf-github/ephemeral-ci-29d6eca4,-1,-1,-1,False,True,False,False
direwolf-github/ephemeral-ci-29d6ef58,-1,-1,-1,False,True,False,False
direwolf-github/ephemeral-ci-29d721c8,-1,-1,-1,False,True,False,False
direwolf-github/ephemeral-ci-29d7306d,-1,-1,-1,False,True,False,False
direwolf-github/ephemeral-ci-29d734f3,-1,-1,-1,False,True,False,False
direwolf-github/ephemeral-ci-29d73818,-1,-1,-1,False,True,False,False
direwolf-github/ephemeral-ci-29d75c06,-1,-1,-1,False,True,False,False
direwolf-github/ephemeral-ci-29d76ff1,-1,-1,-1,False,True,False,False
direwolf-github/ephemeral-ci-29d77569,-1,-1,-1,False,True,False,False
direwolf-github/ephemeral-ci-29d77f1d,-1,-1,-1,False,True,False,False
direwolf-github/ephemeral-ci-29d78028,-1,-1,-1,False,True,False,False
direwolf-github/ephemeral-ci-29d79465,-1,-1,-1,False,True,False,False
direwolf-github/ephemeral-ci-29d7a033,-1,-1,-1,False,True,False,False
direwolf-github/ephemeral-ci-29d7a4e4,-1,-1,-1,False,True,False,False
direwolf-github/ephemeral-ci-29d7a747,-1,-1,-1,False,True,False,False
direwolf-github/ephemeral-ci-29d7af8d,-1,-1,-1,False,True,False,False
direwolf-github/ephemeral-ci-29d7b7f2,0,0,1,False,False,False,False
direwolf-github/ephemeral-ci-29d7d9b7,-1,-1,-1,False,True,False,False
direwolf-github/ephemeral-ci-29d7df0c,-1,-1,-1,False,True,False,False
direwolf-github/ephemeral-ci-29d7e5c8,-1,-1,-1,False,True,False,False
direwolf-github/ephemeral-ci-29d7e8a8,-1,-1,-1,False,True,False,False
direwolf-github/ephemeral-ci-29d81133,-1,-1,-1,False,True,False,False
direwolf-github/ephemeral-ci-29d829fe,-1,-1,-1,False,True,False,False
direwolf-github/ephemeral-ci-29d82c06,-1,-1,-1,False,True,False,False
direwolf-github/ephemeral-ci-29d82d3c,-1,-1,-1,False,True,False,False
direwolf-github/ephemeral-ci-29d8428b,-1,-1,-1,False,True,False,False
direwolf-github/ephemeral-ci-29d85176,-1,-1,-1,False,True,False,False
direwolf-github/ephemeral-ci-29d859ee,-1,-1,-1,False,True,False,False
direwolf-github/ephemeral-ci-29d867dc,-1,-1,-1,False,True,False,False
direwolf-github/ephemeral-ci-29d86e69,-1,-1,-1,False,True,False,False
direwolf-github/ephemeral-ci-29d878aa,-1,-1,-1,False,True,False,False
direwolf-github/ephemeral-ci-29d8826e,-1,-1,-1,False,True,False,False
direwolf-github/ephemeral-ci-29d8863f,-1,-1,-1,False,True,False,False
direwolf-github/ephemeral-ci-29d89063,-1,-1,-1,False,True,False,False
direwolf-github/ephemeral-ci-29d89c7f,-1,-1,-1,False,True,False,False
direwolf-github/ephemeral-ci-29d8acbd,-1,-1,-1,False,True,False,False
direwolf-github/ephemeral-ci-29d8b5ff,-1,-1,-1,False,True,False,False
direwolf-github/ephemeral-ci-29d8c450,-1,-1,-1,False,True,False,False
direwolf-github/ephemeral-ci-29d8c4a0,-1,-1,-1,False,True,False,False
direwolf-github/ephemeral-ci-29d8d85b,-1,-1,-1,False,True,False,False
direwolf-github/ephemeral-ci-29d8e0e8,-1,-1,-1,False,True,False,False
direwolf-github/ephemeral-ci-29d8e1f9,-1,-1,-1,False,True,False,False
direwolf-github/ephemeral-ci-29d8e262,-1,-1,-1,False,True,False,False
direwolf-github/ephemeral-ci-29d8f8c6,-1,-1,-1,False,True,False,False
direwolf-github/ephemeral-ci-29d8fc21,-1,-1,-1,False,True,False,False
direwolf-github/ephemeral-ci-29d9063c,-1,-1,-1,False,True,False,False
direwolf-github/ephemeral-ci-29d91ecf,-1,-1,-1,False,True,False,False
direwolf-github/ephemeral-ci-29d920bf,-1,-1,-1,False,True,False,False
direwolf-github/ephemeral-ci-29d92f6a,-1,-1,-1,False,True,False,False
direwolf-github/ephemeral-ci-29d93577,-1,-1,-1,False,True,False,False
direwolf-github/ephemeral-ci-29d93f3e,-1,-1,-1,False,True,False,False
direwolf-github/ephemeral-ci-29d94200,-1,-1,-1,False,True,False,False
direwolf-github/ephemeral-ci-29d9453c,-1,-1,-1,False,True,False,False
direwolf-github/ephemeral-ci-29d9529d,-1,-1,-1,False,True,False,False
direwolf-github/ephemeral-ci-29d969cf,-1,-1,-1,False,True,False,False
direwolf-github/ephemeral-ci-29d96aba,-1,-1,-1,False,True,False,False
direwolf-github/ephemeral-ci-29d96f5f,-1,-1,-1,False,True,False,False
direwolf-github/ephemeral-ci-29d9839a,-1,-1,-1,False,True,False,False
direwolf-github/ephemeral-ci-29d98a99,-1,-1,-1,False,True,False,False
direwolf-github/ephemeral-ci-29d98b39,-1,-1,-1,False,True,False,False
direwolf-github/ephemeral-ci-29d99166,-1,-1,-1,False,True,False,False
direwolf-github/ephemeral-ci-29d994b0,-1,-1,-1,False,True,False,False
direwolf-github/ephemeral-ci-29d9a384,-1,-1,-1,False,True,False,False
direwolf-github/ephemeral-ci-29d9a5b0,-1,-1,-1,False,True,False,False
direwolf-github/ephemeral-ci-29d9ab01,-1,-1,-1,False,True,False,False
direwolf-github/ephemeral-ci-29d9b897,-1,-1,-1,False,True,False,False
direwolf-github/ephemeral-ci-29d9c671,-1,-1,-1,False,True,False,False
direwolf-github/ephemeral-ci-29d9c99c,-1,-1,-1,False,True,False,False
direwolf-github/ephemeral-ci-29d9d521,-1,-1,-1,False,True,False,False
direwolf-github/ephemeral-ci-29d9f06e,-1,-1,-1,False,True,False,False
direwolf-github/ephemeral-ci-29d9f60d,-1,-1,-1,False,True,False,False
direwolf-github/ephemeral-ci-29da0799,-1,-1,-1,False,True,False,False
direwolf-github/ephemeral-ci-29da0981,-1,-1,-1,False,True,False,False
direwolf-github/ephemeral-ci-29da118c,-1,-1,-1,False,True,False,False
direwolf-github/ephemeral-ci-29da158e,-1,-1,-1,False,True,False,False
direwolf-github/ephemeral-ci-29da160a,-1,-1,-1,False,True,False,False
direwolf-github/ephemeral-ci-29da1e0e,-1,-1,-1,False,True,False,False
direwolf-github/ephemeral-ci-29da3604,-1,-1,-1,False,True,False,False
direwolf-github/ephemeral-ci-29da44a6,-1,-1,-1,False,True,False,False
direwolf-github/ephemeral-ci-29da55fa,-1,-1,-1,False,True,False,False
direwolf-github/ephemeral-ci-29da5d93,-1,-1,-1,False,True,False,False
direwolf-github/ephemeral-ci-29da662b,-1,-1,-1,False,True,False,False
direwolf-github/ephemeral-ci-29da6b3e,-1,-1,-1,False,True,False,False
direwolf-github/ephemeral-ci-29da6fe0,-1,-1,-1,False,True,False,False
direwolf-github/ephemeral-ci-29da73df,-1,-1,-1,False,True,False,False
direwolf-github/ephemeral-ci-29da81fb,-1,-1,-1,False,True,False,False
direwolf-github/ephemeral-ci-29da8b46,-1,-1,-1,False,True,False,False
direwolf-github/ephemeral-ci-29da8cde,-1,-1,-1,False,True,False,False
direwolf-github/ephemeral-ci-29da9110,-1,-1,-1,False,True,False,False
direwolf-github/ephemeral-ci-29daa1cd,-1,-1,-1,False,True,False,False
direwolf-github/ephemeral-ci-29dab2f7,-1,-1,-1,False,True,False,False
direwolf-github/ephemeral-ci-29dab4d0,-1,-1,-1,False,True,False,False
direwolf-github/ephemeral-ci-29dabbdf,-1,-1,-1,False,True,False,False
direwolf-github/ephemeral-ci-29dabd44,-1,-1,-1,False,True,False,False
direwolf-github/ephemeral-ci-29dac0e1,-1,-1,-1,False,True,False,False
direwolf-github/ephemeral-ci-29dac9cb,-1,-1,-1,False,True,False,False
direwolf-github/ephemeral-ci-29dad00d,-1,-1,-1,False,True,False,False
direwolf-github/ephemeral-ci-29dae1f5,-1,-1,-1,False,True,False,False
direwolf-github/ephemeral-ci-29daef13,-1,-1,-1,False,True,False,False
direwolf-github/ephemeral-ci-29dafb10,-1,-1,-1,False,True,False,False
direwolf-github/ephemeral-ci-29db04b7,-1,-1,-1,False,True,False,False
direwolf-github/ephemeral-ci-29db077f,-1,-1,-1,False,True,False,False
direwolf-github/ephemeral-ci-29db11b8,-1,-1,-1,False,True,False,False
direwolf-github/ephemeral-ci-29db1965,-1,-1,-1,False,True,False,False
direwolf-github/ephemeral-ci-29db1b25,-1,-1,-1,False,True,False,False
direwolf-github/ephemeral-ci-29db1f13,-1,-1,-1,False,True,False,False
direwolf-github/ephemeral-ci-29db2459,-1,-1,-1,False,True,False,False
direwolf-github/ephemeral-ci-29db25f3,-1,-1,-1,False,True,False,False
direwolf-github/ephemeral-ci-29db3407,-1,-1,-1,False,True,False,False
direwolf-github/ephemeral-ci-29db449e,-1,-1,-1,False,True,False,False
direwolf-github/ephemeral-ci-29db4b93,-1,-1,-1,False,True,False,False
direwolf-github/ephemeral-ci-29db4f64,-1,-1,-1,False,True,False,False
direwolf-github/ephemeral-ci-29db55da,-1,-1,-1,False,True,False,False
direwolf-github/ephemeral-ci-29db5a81,-1,-1,-1,False,True,False,False
direwolf-github/ephemeral-ci-29db5d7b,-1,-1,-1,False,True,False,False
direwolf-github/ephemeral-ci-29db5f06,-1,-1,-1,False,True,False,False
direwolf-github/ephemeral-ci-29db64e3,-1,-1,-1,False,True,False,False
direwolf-github/ephemeral-ci-29db8152,-1,-1,-1,False,True,False,False
direwolf-github/ephemeral-ci-29dba97c,-1,-1,-1,False,True,False,False
direwolf-github/ephemeral-ci-29dbaf51,-1,-1,-1,False,True,False,False
direwolf-github/ephemeral-ci-29dbb343,-1,-1,-1,False,True,False,False
direwolf-github/ephemeral-ci-29dbb36f,-1,-1,-1,False,True,False,False
direwolf-github/ephemeral-ci-29dbbd1a,-1,-1,-1,False,True,False,False
direwolf-github/ephemeral-ci-29dbc0ef,-1,-1,-1,False,True,False,False
direwolf-github/ephemeral-ci-29dbc31b,-1,-1,-1,False,True,False,False
direwolf-github/ephemeral-ci-29dbd386,-1,-1,-1,False,True,False,False
direwolf-github/ephemeral-ci-29dbe9d1,-1,-1,-1,False,True,False,False
direwolf-github/ephemeral-ci-29dbe9e4,-1,-1,-1,False,True,False,False
direwolf-github/ephemeral-ci-29dc14cf,-1,-1,-1,False,True,False,False
direwolf-github/ephemeral-ci-29dc21e1,-1,-1,-1,False,True,False,False
direwolf-github/ephemeral-ci-29dc2dfb,-1,-1,-1,False,True,False,False
direwolf-github/ephemeral-ci-29dc2f47,-1,-1,-1,False,True,False,False
direwolf-github/ephemeral-ci-29dc3146,-1,-1,-1,False,True,False,False
direwolf-github/ephemeral-ci-29dc3251,-1,-1,-1,False,True,False,False
direwolf-github/ephemeral-ci-29dc3289,-1,-1,-1,False,True,False,False
direwolf-github/ephemeral-ci-29dc43c0,-1,-1,-1,False,True,False,False
direwolf-github/ephemeral-ci-29dc4a13,-1,-1,-1,False,True,False,False
direwolf-github/ephemeral-ci-29dc534a,-1,-1,-1,False,True,False,False
direwolf-github/ephemeral-ci-29dc6037,-1,-1,-1,False,True,False,False
direwolf-github/ephemeral-ci-29dc61ae,-1,-1,-1,False,True,False,False
direwolf-github/ephemeral-ci-29dc6d1e,-1,-1,-1,False,True,False,False
direwolf-github/ephemeral-ci-29dc8348,-1,-1,-1,False,True,False,False
direwolf-github/ephemeral-ci-29dc8659,-1,-1,-1,False,True,False,False
direwolf-github/ephemeral-ci-29dc88d4,-1,-1,-1,False,True,False,False
direwolf-github/ephemeral-ci-29dca014,-1,-1,-1,False,True,False,False
direwolf-github/ephemeral-ci-29dca2fe,-1,-1,-1,False,True,False,False
direwolf-github/ephemeral-ci-29dca34a,-1,-1,-1,False,True,False,False
direwolf-github/ephemeral-ci-29dca672,-1,-1,-1,False,True,False,False
direwolf-github/ephemeral-ci-29dca684,-1,-1,-1,False,True,False,False
direwolf-github/ephemeral-ci-29dcb1cf,-1,-1,-1,False,True,False,False
direwolf-github/ephemeral-ci-29dcb630,-1,-1,-1,False,True,False,False
direwolf-github/ephemeral-ci-29dcb6b3,-1,-1,-1,False,True,False,False
direwolf-github/ephemeral-ci-29dcb70b,-1,-1,-1,False,True,False,False
direwolf-github/ephemeral-ci-29dcd136,-1,-1,-1,False,True,False,False
direwolf-github/ephemeral-ci-29dcda3b,-1,-1,-1,False,True,False,False
direwolf-github/ephemeral-ci-29dcdf05,-1,-1,-1,False,True,False,False
direwolf-github/ephemeral-ci-29dcea2f,-1,-1,-1,False,True,False,False
direwolf-github/ephemeral-ci-29dd019c,-1,-1,-1,False,True,False,False
direwolf-github/ephemeral-ci-29dd0d4f,-1,-1,-1,False,True,False,False
direwolf-github/ephemeral-ci-29dd0dfe,-1,-1,-1,False,True,False,False
direwolf-github/ephemeral-ci-29dd0f9f,-1,-1,-1,False,True,False,False
direwolf-github/ephemeral-ci-29dd16df,-1,-1,-1,False,True,False,False
direwolf-github/ephemeral-ci-29dd18c2,0,0,1,False,False,False,False
direwolf-github/ephemeral-ci-29dd1d27,-1,-1,-1,False,True,False,False
direwolf-github/ephemeral-ci-29dd2044,-1,-1,-1,False,True,False,False
direwolf-github/ephemeral-ci-29dd3fe3,-1,-1,-1,False,True,False,False
direwolf-github/ephemeral-ci-29dd4d7d,-1,-1,-1,False,True,False,False
direwolf-github/ephemeral-ci-29dd50bf,-1,-1,-1,False,True,False,False
direwolf-github/ephemeral-ci-29dd57e7,-1,-1,-1,False,True,False,False
direwolf-github/ephemeral-ci-29dd5ce5,-1,-1,-1,False,True,False,False
direwolf-github/ephemeral-ci-29dd6164,-1,-1,-1,False,True,False,False
direwolf-github/ephemeral-ci-29dd6a60,-1,-1,-1,False,True,False,False
direwolf-github/ephemeral-ci-29dd7913,-1,-1,-1,False,True,False,False
direwolf-github/ephemeral-ci-29dd7b36,-1,-1,-1,False,True,False,False
direwolf-github/ephemeral-ci-29dd8063,-1,-1,-1,False,True,False,False
direwolf-github/ephemeral-ci-29dd82f8,-1,-1,-1,False,True,False,False
direwolf-github/ephemeral-ci-29dd866a,-1,-1,-1,False,True,False,False
direwolf-github/ephemeral-ci-29dd8dd4,-1,-1,-1,False,True,False,False
direwolf-github/ephemeral-ci-29dd9676,-1,-1,-1,False,True,False,False
direwolf-github/ephemeral-ci-29dd98ab,-1,-1,-1,False,True,False,False
direwolf-github/ephemeral-ci-29dda22f,-1,-1,-1,False,True,False,False
direwolf-github/ephemeral-ci-29ddaf2a,-1,-1,-1,False,True,False,False
direwolf-github/ephemeral-ci-29ddbf1d,-1,-1,-1,False,True,False,False
direwolf-github/ephemeral-ci-29ddc002,-1,-1,-1,False,True,False,False
direwolf-github/ephemeral-ci-29ddd1e2,-1,-1,-1,False,True,False,False
direwolf-github/ephemeral-ci-29ddd352,-1,-1,-1,False,True,False,False
direwolf-github/ephemeral-ci-29ddd3c8,-1,-1,-1,False,True,False,False
direwolf-github/ephemeral-ci-29dde147,-1,-1,-1,False,True,False,False
direwolf-github/ephemeral-ci-29dde43f,-1,-1,-1,False,True,False,False
direwolf-github/ephemeral-ci-29dde649,-1,-1,-1,False,True,False,False
direwolf-github/ephemeral-ci-29ddf7ae,-1,-1,-1,False,True,False,False
direwolf-github/ephemeral-ci-29ddf87f,-1,-1,-1,False,True,False,False
direwolf-github/ephemeral-ci-29ddf986,-1,-1,-1,False,True,False,False
direwolf-github/ephemeral-ci-29ddff19,-1,-1,-1,False,True,False,False
direwolf-github/ephemeral-ci-29de02b6,-1,-1,-1,False,True,False,False
direwolf-github/ephemeral-ci-29de16ce,-1,-1,-1,False,True,False,False
direwolf-github/ephemeral-ci-29de17a0,-1,-1,-1,False,True,False,False
direwolf-github/ephemeral-ci-29de1966,-1,-1,-1,False,True,False,False
direwolf-github/ephemeral-ci-29de228d,-1,-1,-1,False,True,False,False
direwolf-github/ephemeral-ci-29de2678,-1,-1,-1,False,True,False,False
direwolf-github/ephemeral-ci-29de26b0,-1,-1,-1,False,True,False,False
direwolf-github/ephemeral-ci-29de2907,-1,-1,-1,False,True,False,False
direwolf-github/ephemeral-ci-29de3913,-1,-1,-1,False,True,False,False
direwolf-github/ephemeral-ci-29de4503,-1,-1,-1,False,True,False,False
direwolf-github/ephemeral-ci-29de61a1,-1,-1,-1,False,True,False,False
direwolf-github/ephemeral-ci-29de62fe,-1,-1,-1,False,True,False,False
direwolf-github/ephemeral-ci-29de6969,-1,-1,-1,False,True,False,False
direwolf-github/ephemeral-ci-29de6b8b,-1,-1,-1,False,True,False,False
direwolf-github/ephemeral-ci-29de76d9,-1,-1,-1,False,True,False,False
direwolf-github/ephemeral-ci-29de7a86,-1,-1,-1,False,True,False,False
direwolf-github/ephemeral-ci-29de7cd2,-1,-1,-1,False,True,False,False
direwolf-github/ephemeral-ci-29de86f4,-1,-1,-1,False,True,False,False
direwolf-github/ephemeral-ci-29de89b0,-1,-1,-1,False,True,False,False
direwolf-github/ephemeral-ci-29dea72b,-1,-1,-1,False,True,False,False
direwolf-github/ephemeral-ci-29deba5a,-1,-1,-1,False,True,False,False
direwolf-github/ephemeral-ci-29debb52,-1,-1,-1,False,True,False,False
direwolf-github/ephemeral-ci-29dec607,-1,-1,-1,False,True,False,False
direwolf-github/ephemeral-ci-29decc5e,-1,-1,-1,False,True,False,False
direwolf-github/ephemeral-ci-29ded3e7,-1,-1,-1,False,True,False,False
direwolf-github/ephemeral-ci-29def95f,-1,-1,-1,False,True,False,False
direwolf-github/ephemeral-ci-29df05c6,-1,-1,-1,False,True,False,False
direwolf-github/ephemeral-ci-29df0894,-1,-1,-1,False,True,False,False
direwolf-github/ephemeral-ci-29df09ac,-1,-1,-1,False,True,False,False
direwolf-github/ephemeral-ci-29df1494,-1,-1,-1,False,True,False,False
direwolf-github/ephemeral-ci-29df1e6f,-1,-1,-1,False,True,False,False
direwolf-github/ephemeral-ci-29df3172,-1,-1,-1,False,True,False,False
direwolf-github/ephemeral-ci-29df349f,-1,-1,-1,False,True,False,False
direwolf-github/ephemeral-ci-29df35f1,-1,-1,-1,False,True,False,False
direwolf-github/ephemeral-ci-29df3fea,-1,-1,-1,False,True,False,False
direwolf-github/ephemeral-ci-29df5582,-1,-1,-1,False,True,False,False
direwolf-github/ephemeral-ci-29df649c,-1,-1,-1,False,True,False,False
direwolf-github/ephemeral-ci-29df6c0b,-1,-1,-1,False,True,False,False
direwolf-github/ephemeral-ci-29df6fc6,-1,-1,-1,False,True,False,False
direwolf-github/ephemeral-ci-29df72f7,-1,-1,-1,False,True,False,False
direwolf-github/ephemeral-ci-29df75a8,-1,-1,-1,False,True,False,False
direwolf-github/ephemeral-ci-29df7ccf,-1,-1,-1,False,True,False,False
direwolf-github/ephemeral-ci-29df8353,-1,-1,-1,False,True,False,False
direwolf-github/ephemeral-ci-29df8918,-1,-1,-1,False,True,False,False
direwolf-github/ephemeral-ci-29df89d7,-1,-1,-1,False,True,False,False
direwolf-github/ephemeral-ci-29df962f,-1,-1,-1,False,True,False,False
direwolf-github/ephemeral-ci-29df96f3,-1,-1,-1,False,True,False,False
direwolf-github/ephemeral-ci-29df97c2,-1,-1,-1,False,True,False,False
direwolf-github/ephemeral-ci-29dfa77a,-1,-1,-1,False,True,False,False
direwolf-github/ephemeral-ci-29dfa94c,-1,-1,-1,False,True,False,False
direwolf-github/ephemeral-ci-29dfaa07,-1,-1,-1,False,True,False,False
direwolf-github/ephemeral-ci-29dfb43b,-1,-1,-1,False,True,False,False
direwolf-github/ephemeral-ci-29dfb464,-1,-1,-1,False,True,False,False
direwolf-github/ephemeral-ci-29dfbde3,-1,-1,-1,False,True,False,False
direwolf-github/ephemeral-ci-29dfce75,-1,-1,-1,False,True,False,False
direwolf-github/ephemeral-ci-29dfda84,-1,-1,-1,False,True,False,False
direwolf-github/ephemeral-ci-29dfdbee,-1,-1,-1,False,True,False,False
direwolf-github/ephemeral-ci-29dfdcd4,-1,-1,-1,False,True,False,False
direwolf-github/ephemeral-ci-29dfe23f,-1,-1,-1,False,True,False,False
direwolf-github/ephemeral-ci-29dfebab,-1,-1,-1,False,True,False,False
direwolf-github/ephemeral-ci-29dff27e,-1,-1,-1,False,True,False,False
direwolf-github/ephemeral-ci-29dffe7a,-1,-1,-1,False,True,False,False
direwolf-github/ephemeral-ci-29e0028e,-1,-1,-1,False,True,False,False
direwolf-github/ephemeral-ci-29e007c3,-1,-1,-1,False,True,False,False
direwolf-github/ephemeral-ci-29e0243f,-1,-1,-1,False,True,False,False
direwolf-github/ephemeral-ci-29e02666,-1,-1,-1,False,True,False,False
direwolf-github/ephemeral-ci-29e0297b,-1,-1,-1,False,True,False,False
direwolf-github/ephemeral-ci-29e02d26,-1,-1,-1,False,True,False,False
direwolf-github/ephemeral-ci-29e033b7,-1,-1,-1,False,True,False,False
direwolf-github/ephemeral-ci-29e03cfe,-1,-1,-1,False,True,False,False
direwolf-github/ephemeral-ci-29e04931,-1,-1,-1,False,True,False,False
direwolf-github/ephemeral-ci-29e05345,-1,-1,-1,False,True,False,False
direwolf-github/ephemeral-ci-29e06e18,-1,-1,-1,False,True,False,False
direwolf-github/ephemeral-ci-29e06e83,-1,-1,-1,False,True,False,False
direwolf-github/ephemeral-ci-29e07073,-1,-1,-1,False,True,False,False
direwolf-github/ephemeral-ci-29e07745,-1,-1,-1,False,True,False,False
direwolf-github/ephemeral-ci-29e07da0,-1,-1,-1,False,True,False,False
direwolf-github/ephemeral-ci-29e088f4,-1,-1,-1,False,True,False,False
direwolf-github/ephemeral-ci-29e09267,-1,-1,-1,False,True,False,False
direwolf-github/ephemeral-ci-29e09465,-1,-1,-1,False,True,False,False
direwolf-github/ephemeral-ci-29e09588,-1,-1,-1,False,True,False,False
direwolf-github/ephemeral-ci-29e09ee8,-1,-1,-1,False,True,False,False
direwolf-github/ephemeral-ci-29e0a2ac,-1,-1,-1,False,True,False,False
direwolf-github/ephemeral-ci-29e0a586,-1,-1,-1,False,True,False,False
direwolf-github/ephemeral-ci-29e0a932,-1,-1,-1,False,True,False,False
direwolf-github/ephemeral-ci-29e0c556,-1,-1,-1,False,True,False,False
direwolf-github/ephemeral-ci-29e0c84a,-1,-1,-1,False,True,False,False
direwolf-github/ephemeral-ci-29e0cd24,-1,-1,-1,False,True,False,False
direwolf-github/ephemeral-ci-29e0d490,-1,-1,-1,False,True,False,False
direwolf-github/ephemeral-ci-29e0e3ab,-1,-1,-1,False,True,False,False
direwolf-github/ephemeral-ci-29e0ea29,-1,-1,-1,False,True,False,False
direwolf-github/ephemeral-ci-29e0ea7b,-1,-1,-1,False,True,False,False
direwolf-github/ephemeral-ci-29e0ecbc,-1,-1,-1,False,True,False,False
direwolf-github/ephemeral-ci-29e0eed6,-1,-1,-1,False,True,False,False
direwolf-github/ephemeral-ci-29e0f0cf,-1,-1,-1,False,True,False,False
direwolf-github/ephemeral-ci-29e1267a,-1,-1,-1,False,True,False,False
direwolf-github/ephemeral-ci-29e139a0,-1,-1,-1,False,True,False,False
direwolf-github/ephemeral-ci-29e141bd,-1,-1,-1,False,True,False,False
direwolf-github/ephemeral-ci-29e14f05,-1,-1,-1,False,True,False,False
direwolf-github/ephemeral-ci-29e154d5,-1,-1,-1,False,True,False,False
direwolf-github/ephemeral-ci-29e15711,-1,-1,-1,False,True,False,False
direwolf-github/ephemeral-ci-29e15d23,-1,-1,-1,False,True,False,False
direwolf-github/ephemeral-ci-29e1601f,-1,-1,-1,False,True,False,False
direwolf-github/ephemeral-ci-29e1652c,-1,-1,-1,False,True,False,False
direwolf-github/ephemeral-ci-29e165b5,-1,-1,-1,False,True,False,False
direwolf-github/ephemeral-ci-29e16919,-1,-1,-1,False,True,False,False
direwolf-github/ephemeral-ci-29e16e78,-1,-1,-1,False,True,False,False
direwolf-github/ephemeral-ci-29e1700e,-1,-1,-1,False,True,False,False
direwolf-github/ephemeral-ci-29e171fb,-1,-1,-1,False,True,False,False
direwolf-github/ephemeral-ci-29e182c0,-1,-1,-1,False,True,False,False
direwolf-github/ephemeral-ci-29e1a322,-1,-1,-1,False,True,False,False
direwolf-github/ephemeral-ci-29e1a568,-1,-1,-1,False,True,False,False
direwolf-github/ephemeral-ci-29e1a6d5,-1,-1,-1,False,True,False,False
direwolf-github/ephemeral-ci-29e1af65,-1,-1,-1,False,True,False,False
direwolf-github/ephemeral-ci-29e1bbcf,-1,-1,-1,False,True,False,False
direwolf-github/ephemeral-ci-29e1bd71,-1,-1,-1,False,True,False,False
direwolf-github/ephemeral-ci-29e1bd8c,-1,-1,-1,False,True,False,False
direwolf-github/ephemeral-ci-29e1d699,-1,-1,-1,False,True,False,False
direwolf-github/ephemeral-ci-29e1d935,-1,-1,-1,False,True,False,False
direwolf-github/ephemeral-ci-29e1e65a,-1,-1,-1,False,True,False,False
direwolf-github/ephemeral-ci-29e1ec2e,-1,-1,-1,False,True,False,False
direwolf-github/ephemeral-ci-29e1eeb8,-1,-1,-1,False,True,False,False
direwolf-github/ephemeral-ci-29e1f5a9,-1,-1,-1,False,True,False,False
direwolf-github/ephemeral-ci-29e1f82f,-1,-1,-1,False,True,False,False
direwolf-github/ephemeral-ci-29e203a0,-1,-1,-1,False,True,False,False
direwolf-github/ephemeral-ci-29e208e4,-1,-1,-1,False,True,False,False
direwolf-github/ephemeral-ci-29e20e23,-1,-1,-1,False,True,False,False
direwolf-github/ephemeral-ci-29e21265,-1,-1,-1,False,True,False,False
direwolf-github/ephemeral-ci-29e22c23,-1,-1,-1,False,True,False,False
direwolf-github/ephemeral-ci-29e23185,-1,-1,-1,False,True,False,False
direwolf-github/ephemeral-ci-29e234ba,-1,-1,-1,False,True,False,False
direwolf-github/ephemeral-ci-29e240d0,-1,-1,-1,False,True,False,False
direwolf-github/ephemeral-ci-29e24fb6,-1,-1,-1,False,True,False,False
direwolf-github/ephemeral-ci-29e25744,-1,-1,-1,False,True,False,False
direwolf-github/ephemeral-ci-29e26194,-1,-1,-1,False,True,False,False
direwolf-github/ephemeral-ci-29e2638c,-1,-1,-1,False,True,False,False
direwolf-github/ephemeral-ci-29e267a2,-1,-1,-1,False,True,False,False
direwolf-github/ephemeral-ci-29e2702f,-1,-1,-1,False,True,False,False
direwolf-github/ephemeral-ci-29e29366,-1,-1,-1,False,True,False,False
direwolf-github/ephemeral-ci-29e298a1,-1,-1,-1,False,True,False,False
direwolf-github/ephemeral-ci-29e29bbc,-1,-1,-1,False,True,False,False
direwolf-github/ephemeral-ci-29e2a275,-1,-1,-1,False,True,False,False
direwolf-github/ephemeral-ci-29e2a437,-1,-1,-1,False,True,False,False
direwolf-github/ephemeral-ci-29e2af0f,-1,-1,-1,False,True,False,False
direwolf-github/ephemeral-ci-29e2b679,-1,-1,-1,False,True,False,False
direwolf-github/ephemeral-ci-29e2c00d,-1,-1,-1,False,True,False,False
direwolf-github/ephemeral-ci-29e2c0ae,-1,-1,-1,False,True,False,False
direwolf-github/ephemeral-ci-29e2ccf6,-1,-1,-1,False,True,False,False
direwolf-github/ephemeral-ci-29e2de31,-1,-1,-1,False,True,False,False
direwolf-github/ephemeral-ci-29e2f924,-1,-1,-1,False,True,False,False
direwolf-github/ephemeral-ci-29e30304,-1,-1,-1,False,True,False,False
direwolf-github/ephemeral-ci-29e308d5,-1,-1,-1,False,True,False,False
direwolf-github/ephemeral-ci-29e30c66,-1,-1,-1,False,True,False,False
direwolf-github/ephemeral-ci-29e31a2b,-1,-1,-1,False,True,False,False
direwolf-github/ephemeral-ci-29e31a4e,-1,-1,-1,False,True,False,False
direwolf-github/ephemeral-ci-29e31ddf,-1,-1,-1,False,True,False,False
direwolf-github/ephemeral-ci-29e321e9,-1,-1,-1,False,True,False,False
direwolf-github/ephemeral-ci-29e32925,-1,-1,-1,False,True,False,False
direwolf-github/ephemeral-ci-29e33400,-1,-1,-1,False,True,False,False
direwolf-github/ephemeral-ci-29e33a8f,-1,-1,-1,False,True,False,False
direwolf-github/ephemeral-ci-29e34a90,-1,-1,-1,False,True,False,False
direwolf-github/ephemeral-ci-29e35049,-1,-1,-1,False,True,False,False
direwolf-github/ephemeral-ci-29e35a1b,-1,-1,-1,False,True,False,False
direwolf-github/ephemeral-ci-29e35f4f,-1,-1,-1,False,True,False,False
direwolf-github/ephemeral-ci-29e35fe6,-1,-1,-1,False,True,False,False
direwolf-github/ephemeral-ci-29e36478,-1,-1,-1,False,True,False,False
direwolf-github/ephemeral-ci-29e3772c,-1,-1,-1,False,True,False,False
direwolf-github/ephemeral-ci-29e38850,-1,-1,-1,False,True,False,False
direwolf-github/ephemeral-ci-29e38909,-1,-1,-1,False,True,False,False
direwolf-github/ephemeral-ci-29e39605,-1,-1,-1,False,True,False,False
direwolf-github/ephemeral-ci-29e3ae0f,-1,-1,-1,False,True,False,False
direwolf-github/ephemeral-ci-29e3bce7,-1,-1,-1,False,True,False,False

==> all_repos04935.csv <==
direwolf-github/ephemeral-ci-29e3c0af,-1,-1,-1,False,True,False,False
direwolf-github/ephemeral-ci-29e3d989,-1,-1,-1,False,True,False,False
direwolf-github/ephemeral-ci-29e3e29b,-1,-1,-1,False,True,False,False
direwolf-github/ephemeral-ci-29e3f89a,-1,-1,-1,False,True,False,False
direwolf-github/ephemeral-ci-29e402b7,-1,-1,-1,False,True,False,False
direwolf-github/ephemeral-ci-29e40768,-1,-1,-1,False,True,False,False
direwolf-github/ephemeral-ci-29e40c41,-1,-1,-1,False,True,False,False
direwolf-github/ephemeral-ci-29e416d7,-1,-1,-1,False,True,False,False
direwolf-github/ephemeral-ci-29e427e7,-1,-1,-1,False,True,False,False
direwolf-github/ephemeral-ci-29e42d59,-1,-1,-1,False,True,False,False
direwolf-github/ephemeral-ci-29e43a93,-1,-1,-1,False,True,False,False
direwolf-github/ephemeral-ci-29e43acc,-1,-1,-1,False,True,False,False
direwolf-github/ephemeral-ci-29e4409a,-1,-1,-1,False,True,False,False
direwolf-github/ephemeral-ci-29e44532,-1,-1,-1,False,True,False,False
direwolf-github/ephemeral-ci-29e44ed2,-1,-1,-1,False,True,False,False
direwolf-github/ephemeral-ci-29e45424,-1,-1,-1,False,True,False,False
direwolf-github/ephemeral-ci-29e4549b,-1,-1,-1,False,True,False,False
direwolf-github/ephemeral-ci-29e45bb1,-1,-1,-1,False,True,False,False
direwolf-github/ephemeral-ci-29e45e34,-1,-1,-1,False,True,False,False
direwolf-github/ephemeral-ci-29e45eee,-1,-1,-1,False,True,False,False
direwolf-github/ephemeral-ci-29e465c4,-1,-1,-1,False,True,False,False
direwolf-github/ephemeral-ci-29e46718,-1,-1,-1,False,True,False,False
direwolf-github/ephemeral-ci-29e46e78,-1,-1,-1,False,True,False,False
direwolf-github/ephemeral-ci-29e47560,-1,-1,-1,False,True,False,False
direwolf-github/ephemeral-ci-29e47a21,-1,-1,-1,False,True,False,False
direwolf-github/ephemeral-ci-29e489bc,-1,-1,-1,False,True,False,False
direwolf-github/ephemeral-ci-29e48e1e,-1,-1,-1,False,True,False,False
direwolf-github/ephemeral-ci-29e49c25,-1,-1,-1,False,True,False,False
direwolf-github/ephemeral-ci-29e4a160,-1,-1,-1,False,True,False,False
direwolf-github/ephemeral-ci-29e4abf7,-1,-1,-1,False,True,False,False
direwolf-github/ephemeral-ci-29e4b096,-1,-1,-1,False,True,False,False
direwolf-github/ephemeral-ci-29e4b785,-1,-1,-1,False,True,False,False
direwolf-github/ephemeral-ci-29e4bbdd,-1,-1,-1,False,True,False,False
direwolf-github/ephemeral-ci-29e4c4ff,-1,-1,-1,False,True,False,False
direwolf-github/ephemeral-ci-29e4cc54,-1,-1,-1,False,True,False,False
direwolf-github/ephemeral-ci-29e4d0a8,-1,-1,-1,False,True,False,False
direwolf-github/ephemeral-ci-29e4d54b,-1,-1,-1,False,True,False,False
direwolf-github/ephemeral-ci-29e4d7b8,-1,-1,-1,False,True,False,False
direwolf-github/ephemeral-ci-29e4e201,-1,-1,-1,False,True,False,False
direwolf-github/ephemeral-ci-29e4f686,-1,-1,-1,False,True,False,False
direwolf-github/ephemeral-ci-29e50470,-1,-1,-1,False,True,False,False
direwolf-github/ephemeral-ci-29e504f5,-1,-1,-1,False,True,False,False
direwolf-github/ephemeral-ci-29e5057b,-1,-1,-1,False,True,False,False
direwolf-github/ephemeral-ci-29e50ad0,-1,-1,-1,False,True,False,False
direwolf-github/ephemeral-ci-29e50ad9,-1,-1,-1,False,True,False,False
direwolf-github/ephemeral-ci-29e51026,-1,-1,-1,False,True,False,False
direwolf-github/ephemeral-ci-29e510b2,-1,-1,-1,False,True,False,False
direwolf-github/ephemeral-ci-29e51497,-1,-1,-1,False,True,False,False
direwolf-github/ephemeral-ci-29e5152e,-1,-1,-1,False,True,False,False
direwolf-github/ephemeral-ci-29e51ad0,-1,-1,-1,False,True,False,False
direwolf-github/ephemeral-ci-29e52312,-1,-1,-1,False,True,False,False
direwolf-github/ephemeral-ci-29e53c3d,-1,-1,-1,False,True,False,False
direwolf-github/ephemeral-ci-29e550b4,-1,-1,-1,False,True,False,False
direwolf-github/ephemeral-ci-29e55362,-1,-1,-1,False,True,False,False
direwolf-github/ephemeral-ci-29e56926,-1,-1,-1,False,True,False,False
direwolf-github/ephemeral-ci-29e56f4b,-1,-1,-1,False,True,False,False
direwolf-github/ephemeral-ci-29e57394,-1,-1,-1,False,True,False,False
direwolf-github/ephemeral-ci-29e57879,-1,-1,-1,False,True,False,False
direwolf-github/ephemeral-ci-29e57caa,-1,-1,-1,False,True,False,False
direwolf-github/ephemeral-ci-29e59331,-1,-1,-1,False,True,False,False
direwolf-github/ephemeral-ci-29e5954b,-1,-1,-1,False,True,False,False
direwolf-github/ephemeral-ci-29e59841,-1,-1,-1,False,True,False,False
direwolf-github/ephemeral-ci-29e59ee1,-1,-1,-1,False,True,False,False
direwolf-github/ephemeral-ci-29e5ab12,-1,-1,-1,False,True,False,False
direwolf-github/ephemeral-ci-29e5bebd,-1,-1,-1,False,True,False,False
direwolf-github/ephemeral-ci-29e5cd29,-1,-1,-1,False,True,False,False
direwolf-github/ephemeral-ci-29e5d5c8,-1,-1,-1,False,True,False,False
direwolf-github/ephemeral-ci-29e5dde8,-1,-1,-1,False,True,False,False
direwolf-github/ephemeral-ci-29e5df28,-1,-1,-1,False,True,False,False
direwolf-github/ephemeral-ci-29e5e6aa,-1,-1,-1,False,True,False,False
direwolf-github/ephemeral-ci-29e5eae3,-1,-1,-1,False,True,False,False
direwolf-github/ephemeral-ci-29e5eb07,-1,-1,-1,False,True,False,False
direwolf-github/ephemeral-ci-29e5f82a,-1,-1,-1,False,True,False,False
direwolf-github/ephemeral-ci-29e5f952,-1,-1,-1,False,True,False,False
direwolf-github/ephemeral-ci-29e603c3,-1,-1,-1,False,True,False,False
direwolf-github/ephemeral-ci-29e618a2,-1,-1,-1,False,True,False,False
direwolf-github/ephemeral-ci-29e61d5b,-1,-1,-1,False,True,False,False
direwolf-github/ephemeral-ci-29e628f6,-1,-1,-1,False,True,False,False
direwolf-github/ephemeral-ci-29e6323c,-1,-1,-1,False,True,False,False
direwolf-github/ephemeral-ci-29e6389e,-1,-1,-1,False,True,False,False
direwolf-github/ephemeral-ci-29e643dd,-1,-1,-1,False,True,False,False
direwolf-github/ephemeral-ci-29e666d3,-1,-1,-1,False,True,False,False
direwolf-github/ephemeral-ci-29e66a8d,-1,-1,-1,False,True,False,False
direwolf-github/ephemeral-ci-29e672ec,-1,-1,-1,False,True,False,False
direwolf-github/ephemeral-ci-29e68060,-1,-1,-1,False,True,False,False
direwolf-github/ephemeral-ci-29e68679,-1,-1,-1,False,True,False,False
direwolf-github/ephemeral-ci-29e6938c,-1,-1,-1,False,True,False,False
direwolf-github/ephemeral-ci-29e6baf9,-1,-1,-1,False,True,False,False
direwolf-github/ephemeral-ci-29e6c204,-1,-1,-1,False,True,False,False
direwolf-github/ephemeral-ci-29e6cf1b,-1,-1,-1,False,True,False,False
direwolf-github/ephemeral-ci-29e6d06c,-1,-1,-1,False,True,False,False
direwolf-github/ephemeral-ci-29e6db42,-1,-1,-1,False,True,False,False
direwolf-github/ephemeral-ci-29e6e4e3,-1,-1,-1,False,True,False,False
direwolf-github/ephemeral-ci-29e6e82e,-1,-1,-1,False,True,False,False
direwolf-github/ephemeral-ci-29e6e969,-1,-1,-1,False,True,False,False
direwolf-github/ephemeral-ci-29e6ec2b,-1,-1,-1,False,True,False,False
direwolf-github/ephemeral-ci-29e6ece5,-1,-1,-1,False,True,False,False
direwolf-github/ephemeral-ci-29e6ef5b,-1,-1,-1,False,True,False,False
direwolf-github/ephemeral-ci-29e6f653,-1,-1,-1,False,True,False,False
direwolf-github/ephemeral-ci-29e6fea6,-1,-1,-1,False,True,False,False
direwolf-github/ephemeral-ci-29e70a48,-1,-1,-1,False,True,False,False
direwolf-github/ephemeral-ci-29e71d30,-1,-1,-1,False,True,False,False
direwolf-github/ephemeral-ci-29e7231c,-1,-1,-1,False,True,False,False
direwolf-github/ephemeral-ci-29e7268a,-1,-1,-1,False,True,False,False
direwolf-github/ephemeral-ci-29e73891,-1,-1,-1,False,True,False,False
direwolf-github/ephemeral-ci-29e73a3b,-1,-1,-1,False,True,False,False
direwolf-github/ephemeral-ci-29e757e6,-1,-1,-1,False,True,False,False
direwolf-github/ephemeral-ci-29e7596e,-1,-1,-1,False,True,False,False
direwolf-github/ephemeral-ci-29e759ea,-1,-1,-1,False,True,False,False
direwolf-github/ephemeral-ci-29e77150,-1,-1,-1,False,True,False,False
direwolf-github/ephemeral-ci-29e78fb2,-1,-1,-1,False,True,False,False
direwolf-github/ephemeral-ci-29e79afb,-1,-1,-1,False,True,False,False
direwolf-github/ephemeral-ci-29e7a71e,-1,-1,-1,False,True,False,False
direwolf-github/ephemeral-ci-29e7b544,-1,-1,-1,False,True,False,False
direwolf-github/ephemeral-ci-29e7c13d,-1,-1,-1,False,True,False,False
direwolf-github/ephemeral-ci-29e7ccb1,-1,-1,-1,False,True,False,False
direwolf-github/ephemeral-ci-29e7d135,-1,-1,-1,False,True,False,False
direwolf-github/ephemeral-ci-29e7d72c,-1,-1,-1,False,True,False,False
direwolf-github/ephemeral-ci-29e7e805,-1,-1,-1,False,True,False,False
direwolf-github/ephemeral-ci-29e7ed58,-1,-1,-1,False,True,False,False
direwolf-github/ephemeral-ci-29e7edc2,-1,-1,-1,False,True,False,False
direwolf-github/ephemeral-ci-29e7edff,-1,-1,-1,False,True,False,False
direwolf-github/ephemeral-ci-29e7f715,-1,-1,-1,False,True,False,False
direwolf-github/ephemeral-ci-29e80466,-1,-1,-1,False,True,False,False
direwolf-github/ephemeral-ci-29e81ce2,-1,-1,-1,False,True,False,False
direwolf-github/ephemeral-ci-29e82182,-1,-1,-1,False,True,False,False
direwolf-github/ephemeral-ci-29e82303,-1,-1,-1,False,True,False,False
direwolf-github/ephemeral-ci-29e826c4,-1,-1,-1,False,True,False,False
direwolf-github/ephemeral-ci-29e82748,-1,-1,-1,False,True,False,False
direwolf-github/ephemeral-ci-29e82ed5,-1,-1,-1,False,True,False,False
direwolf-github/ephemeral-ci-29e84218,-1,-1,-1,False,True,False,False
direwolf-github/ephemeral-ci-29e847a1,-1,-1,-1,False,True,False,False
direwolf-github/ephemeral-ci-29e85349,-1,-1,-1,False,True,False,False
direwolf-github/ephemeral-ci-29e856c8,-1,-1,-1,False,True,False,False
direwolf-github/ephemeral-ci-29e861fe,-1,-1,-1,False,True,False,False
direwolf-github/ephemeral-ci-29e87cbe,-1,-1,-1,False,True,False,False
direwolf-github/ephemeral-ci-29e8826a,-1,-1,-1,False,True,False,False
direwolf-github/ephemeral-ci-29e88a43,-1,-1,-1,False,True,False,False
direwolf-github/ephemeral-ci-29e88ef6,-1,-1,-1,False,True,False,False
direwolf-github/ephemeral-ci-29e89428,-1,-1,-1,False,True,False,False
direwolf-github/ephemeral-ci-29e89550,-1,-1,-1,False,True,False,False
direwolf-github/ephemeral-ci-29e8acd2,-1,-1,-1,False,True,False,False
direwolf-github/ephemeral-ci-29e8ad8a,-1,-1,-1,False,True,False,False
direwolf-github/ephemeral-ci-29e8b079,-1,-1,-1,False,True,False,False
direwolf-github/ephemeral-ci-29e8b190,-1,-1,-1,False,True,False,False
direwolf-github/ephemeral-ci-29e8b9e9,-1,-1,-1,False,True,False,False
direwolf-github/ephemeral-ci-29e8cdfd,-1,-1,-1,False,True,False,False
direwolf-github/ephemeral-ci-29e8d612,-1,-1,-1,False,True,False,False
direwolf-github/ephemeral-ci-29e8df16,-1,-1,-1,False,True,False,False
direwolf-github/ephemeral-ci-29e8e8d0,-1,-1,-1,False,True,False,False
direwolf-github/ephemeral-ci-29e8f410,-1,-1,-1,False,True,False,False
direwolf-github/ephemeral-ci-29e8f506,-1,-1,-1,False,True,False,False
direwolf-github/ephemeral-ci-29e8fc74,-1,-1,-1,False,True,False,False
direwolf-github/ephemeral-ci-29e90d2f,-1,-1,-1,False,True,False,False
direwolf-github/ephemeral-ci-29e9195d,-1,-1,-1,False,True,False,False
direwolf-github/ephemeral-ci-29e92501,-1,-1,-1,False,True,False,False
direwolf-github/ephemeral-ci-29e9306a,-1,-1,-1,False,True,False,False
direwolf-github/ephemeral-ci-29e93442,-1,-1,-1,False,True,False,False
direwolf-github/ephemeral-ci-29e9387d,-1,-1,-1,False,True,False,False
direwolf-github/ephemeral-ci-29e939a8,-1,-1,-1,False,True,False,False
direwolf-github/ephemeral-ci-29e9495c,-1,-1,-1,False,True,False,False
direwolf-github/ephemeral-ci-29e94fa9,-1,-1,-1,False,True,False,False
direwolf-github/ephemeral-ci-29e95057,-1,-1,-1,False,True,False,False
direwolf-github/ephemeral-ci-29e95823,-1,-1,-1,False,True,False,False
direwolf-github/ephemeral-ci-29e95f01,-1,-1,-1,False,True,False,False
direwolf-github/ephemeral-ci-29e95f9b,-1,-1,-1,False,True,False,False
direwolf-github/ephemeral-ci-29e9603c,-1,-1,-1,False,True,False,False
direwolf-github/ephemeral-ci-29e96be2,-1,-1,-1,False,True,False,False
direwolf-github/ephemeral-ci-29e96e39,-1,-1,-1,False,True,False,False
direwolf-github/ephemeral-ci-29e973cf,-1,-1,-1,False,True,False,False
direwolf-github/ephemeral-ci-29e97a8e,-1,-1,-1,False,True,False,False
direwolf-github/ephemeral-ci-29e98a40,-1,-1,-1,False,True,False,False
direwolf-github/ephemeral-ci-29e98fec,-1,-1,-1,False,True,False,False
direwolf-github/ephemeral-ci-29e99941,-1,-1,-1,False,True,False,False
direwolf-github/ephemeral-ci-29e9a50f,-1,-1,-1,False,True,False,False
direwolf-github/ephemeral-ci-29e9aa52,-1,-1,-1,False,True,False,False
direwolf-github/ephemeral-ci-29e9b469,-1,-1,-1,False,True,False,False
direwolf-github/ephemeral-ci-29e9c0cf,-1,-1,-1,False,True,False,False
direwolf-github/ephemeral-ci-29e9c623,-1,-1,-1,False,True,False,False
direwolf-github/ephemeral-ci-29e9d4b1,-1,-1,-1,False,True,False,False
direwolf-github/ephemeral-ci-29e9d4f3,-1,-1,-1,False,True,False,False
direwolf-github/ephemeral-ci-29e9df8f,-1,-1,-1,False,True,False,False
direwolf-github/ephemeral-ci-29e9ebcb,-1,-1,-1,False,True,False,False
direwolf-github/ephemeral-ci-29e9ec8e,-1,-1,-1,False,True,False,False
direwolf-github/ephemeral-ci-29e9ed7e,-1,-1,-1,False,True,False,False
direwolf-github/ephemeral-ci-29e9f932,-1,-1,-1,False,True,False,False
direwolf-github/ephemeral-ci-29ea0082,-1,-1,-1,False,True,False,False
direwolf-github/ephemeral-ci-29ea0795,-1,-1,-1,False,True,False,False
direwolf-github/ephemeral-ci-29ea3b16,-1,-1,-1,False,True,False,False
direwolf-github/ephemeral-ci-29ea435c,-1,-1,-1,False,True,False,False
direwolf-github/ephemeral-ci-29ea5445,-1,-1,-1,False,True,False,False
direwolf-github/ephemeral-ci-29ea5da4,-1,-1,-1,False,True,False,False
direwolf-github/ephemeral-ci-29ea6d2a,-1,-1,-1,False,True,False,False
direwolf-github/ephemeral-ci-29ea6e4f,-1,-1,-1,False,True,False,False
direwolf-github/ephemeral-ci-29ea7548,-1,-1,-1,False,True,False,False
direwolf-github/ephemeral-ci-29ea7965,-1,-1,-1,False,True,False,False
direwolf-github/ephemeral-ci-29ea843c,-1,-1,-1,False,True,False,False
direwolf-github/ephemeral-ci-29ea8794,-1,-1,-1,False,True,False,False
direwolf-github/ephemeral-ci-29ea8a7d,-1,-1,-1,False,True,False,False
direwolf-github/ephemeral-ci-29ea9ff7,-1,-1,-1,False,True,False,False
direwolf-github/ephemeral-ci-29eaa1ce,-1,-1,-1,False,True,False,False
direwolf-github/ephemeral-ci-29eaa27b,-1,-1,-1,False,True,False,False
direwolf-github/ephemeral-ci-29eaadcd,-1,-1,-1,False,True,False,False
direwolf-github/ephemeral-ci-29eab085,-1,-1,-1,False,True,False,False
direwolf-github/ephemeral-ci-29eab170,-1,-1,-1,False,True,False,False
direwolf-github/ephemeral-ci-29eab64a,-1,-1,-1,False,True,False,False
direwolf-github/ephemeral-ci-29eaba5d,-1,-1,-1,False,True,False,False
direwolf-github/ephemeral-ci-29eabe60,-1,-1,-1,False,True,False,False
direwolf-github/ephemeral-ci-29eac177,-1,-1,-1,False,True,False,False
direwolf-github/ephemeral-ci-29eac4d6,-1,-1,-1,False,True,False,False
direwolf-github/ephemeral-ci-29eac5b0,-1,-1,-1,False,True,False,False
direwolf-github/ephemeral-ci-29eac832,-1,-1,-1,False,True,False,False
direwolf-github/ephemeral-ci-29eacb40,-1,-1,-1,False,True,False,False
direwolf-github/ephemeral-ci-29eafc32,-1,-1,-1,False,True,False,False
direwolf-github/ephemeral-ci-29eafe30,-1,-1,-1,False,True,False,False
direwolf-github/ephemeral-ci-29eb03ef,-1,-1,-1,False,True,False,False
direwolf-github/ephemeral-ci-29eb0881,-1,-1,-1,False,True,False,False
direwolf-github/ephemeral-ci-29eb11d9,-1,-1,-1,False,True,False,False
direwolf-github/ephemeral-ci-29eb17d2,-1,-1,-1,False,True,False,False
direwolf-github/ephemeral-ci-29eb18ca,-1,-1,-1,False,True,False,False
direwolf-github/ephemeral-ci-29eb1bf2,-1,-1,-1,False,True,False,False
direwolf-github/ephemeral-ci-29eb29c0,-1,-1,-1,False,True,False,False
direwolf-github/ephemeral-ci-29eb386d,-1,-1,-1,False,True,False,False
direwolf-github/ephemeral-ci-29eb4723,-1,-1,-1,False,True,False,False
direwolf-github/ephemeral-ci-29eb51ee,-1,-1,-1,False,True,False,False
direwolf-github/ephemeral-ci-29eb54ce,-1,-1,-1,False,True,False,False
direwolf-github/ephemeral-ci-29eb550f,-1,-1,-1,False,True,False,False
direwolf-github/ephemeral-ci-29eb5a63,-1,-1,-1,False,True,False,False
direwolf-github/ephemeral-ci-29eb5ff2,-1,-1,-1,False,True,False,False
direwolf-github/ephemeral-ci-29eb609f,-1,-1,-1,False,True,False,False
direwolf-github/ephemeral-ci-29eb615e,-1,-1,-1,False,True,False,False
direwolf-github/ephemeral-ci-29eb6327,-1,-1,-1,False,True,False,False
direwolf-github/ephemeral-ci-29eb69f5,-1,-1,-1,False,True,False,False
direwolf-github/ephemeral-ci-29eb6a21,-1,-1,-1,False,True,False,False
direwolf-github/ephemeral-ci-29eb6d29,-1,-1,-1,False,True,False,False
direwolf-github/ephemeral-ci-29eb7158,-1,-1,-1,False,True,False,False
direwolf-github/ephemeral-ci-29eb7348,-1,-1,-1,False,True,False,False
direwolf-github/ephemeral-ci-29eb7616,-1,-1,-1,False,True,False,False
direwolf-github/ephemeral-ci-29eb7b28,-1,-1,-1,False,True,False,False
direwolf-github/ephemeral-ci-29eb7c34,-1,-1,-1,False,True,False,False
direwolf-github/ephemeral-ci-29eb7c41,-1,-1,-1,False,True,False,False
direwolf-github/ephemeral-ci-29eb8a5c,-1,-1,-1,False,True,False,False
direwolf-github/ephemeral-ci-29eb8c66,-1,-1,-1,False,True,False,False
direwolf-github/ephemeral-ci-29eb9b4c,-1,-1,-1,False,True,False,False
direwolf-github/ephemeral-ci-29ebb6f2,-1,-1,-1,False,True,False,False
direwolf-github/ephemeral-ci-29ebd7ed,-1,-1,-1,False,True,False,False
direwolf-github/ephemeral-ci-29ebdd06,-1,-1,-1,False,True,False,False
direwolf-github/ephemeral-ci-29ebea1c,-1,-1,-1,False,True,False,False
direwolf-github/ephemeral-ci-29ebee25,-1,-1,-1,False,True,False,False
direwolf-github/ephemeral-ci-29ebf31c,-1,-1,-1,False,True,False,False
direwolf-github/ephemeral-ci-29ebfd86,-1,-1,-1,False,True,False,False
direwolf-github/ephemeral-ci-29ec00a3,-1,-1,-1,False,True,False,False
direwolf-github/ephemeral-ci-29ec1c81,-1,-1,-1,False,True,False,False
direwolf-github/ephemeral-ci-29ec3469,-1,-1,-1,False,True,False,False
direwolf-github/ephemeral-ci-29ec3662,-1,-1,-1,False,True,False,False
direwolf-github/ephemeral-ci-29ec4295,-1,-1,-1,False,True,False,False
direwolf-github/ephemeral-ci-29ec5000,-1,-1,-1,False,True,False,False
direwolf-github/ephemeral-ci-29ec5581,-1,-1,-1,False,True,False,False
direwolf-github/ephemeral-ci-29ec6f68,-1,-1,-1,False,True,False,False
direwolf-github/ephemeral-ci-29ec6fb4,-1,-1,-1,False,True,False,False
direwolf-github/ephemeral-ci-29ec7508,-1,-1,-1,False,True,False,False
direwolf-github/ephemeral-ci-29ec8070,-1,-1,-1,False,True,False,False
direwolf-github/ephemeral-ci-29eca4ae,-1,-1,-1,False,True,False,False
direwolf-github/ephemeral-ci-29ecac4b,-1,-1,-1,False,True,False,False
direwolf-github/ephemeral-ci-29eccd71,-1,-1,-1,False,True,False,False
direwolf-github/ephemeral-ci-29ecce74,-1,-1,-1,False,True,False,False
direwolf-github/ephemeral-ci-29ece782,-1,-1,-1,False,True,False,False
direwolf-github/ephemeral-ci-29eceb66,-1,-1,-1,False,True,False,False
direwolf-github/ephemeral-ci-29ed0a11,-1,-1,-1,False,True,False,False
direwolf-github/ephemeral-ci-29ed0cde,-1,-1,-1,False,True,False,False
direwolf-github/ephemeral-ci-29ed1299,-1,-1,-1,False,True,False,False
direwolf-github/ephemeral-ci-29ed1fcf,-1,-1,-1,False,True,False,False
direwolf-github/ephemeral-ci-29ed231f,-1,-1,-1,False,True,False,False
direwolf-github/ephemeral-ci-29ed23db,-1,-1,-1,False,True,False,False
direwolf-github/ephemeral-ci-29ed2877,-1,-1,-1,False,True,False,False
direwolf-github/ephemeral-ci-29ed2995,-1,-1,-1,False,True,False,False
direwolf-github/ephemeral-ci-29ed2d86,-1,-1,-1,False,True,False,False
direwolf-github/ephemeral-ci-29ed3ed1,-1,-1,-1,False,True,False,False
direwolf-github/ephemeral-ci-29ed44e0,-1,-1,-1,False,True,False,False
direwolf-github/ephemeral-ci-29ed77ba,-1,-1,-1,False,True,False,False
direwolf-github/ephemeral-ci-29ed839a,-1,-1,-1,False,True,False,False
direwolf-github/ephemeral-ci-29ed89cf,-1,-1,-1,False,True,False,False
direwolf-github/ephemeral-ci-29ed9144,-1,-1,-1,False,True,False,False
direwolf-github/ephemeral-ci-29edb9dd,-1,-1,-1,False,True,False,False
direwolf-github/ephemeral-ci-29edb9de,-1,-1,-1,False,True,False,False
direwolf-github/ephemeral-ci-29edc5d8,-1,-1,-1,False,True,False,False
direwolf-github/ephemeral-ci-29edc95d,-1,-1,-1,False,True,False,False
direwolf-github/ephemeral-ci-29edcd57,-1,-1,-1,False,True,False,False
direwolf-github/ephemeral-ci-29edd00d,-1,-1,-1,False,True,False,False
direwolf-github/ephemeral-ci-29ede6d0,-1,-1,-1,False,True,False,False
direwolf-github/ephemeral-ci-29ede77a,-1,-1,-1,False,True,False,False
direwolf-github/ephemeral-ci-29edec7c,-1,-1,-1,False,True,False,False
direwolf-github/ephemeral-ci-29edf0b8,-1,-1,-1,False,True,False,False
direwolf-github/ephemeral-ci-29edfbbe,-1,-1,-1,False,True,False,False
direwolf-github/ephemeral-ci-29ee11ed,-1,-1,-1,False,True,False,False
direwolf-github/ephemeral-ci-29ee1364,-1,-1,-1,False,True,False,False
direwolf-github/ephemeral-ci-29ee1f44,-1,-1,-1,False,True,False,False
direwolf-github/ephemeral-ci-29ee21bc,-1,-1,-1,False,True,False,False
direwolf-github/ephemeral-ci-29ee3618,-1,-1,-1,False,True,False,False
direwolf-github/ephemeral-ci-29ee4051,-1,-1,-1,False,True,False,False
direwolf-github/ephemeral-ci-29ee52a7,-1,-1,-1,False,True,False,False
direwolf-github/ephemeral-ci-29ee54e1,-1,-1,-1,False,True,False,False
direwolf-github/ephemeral-ci-29ee6865,-1,-1,-1,False,True,False,False
direwolf-github/ephemeral-ci-29ee6a96,-1,-1,-1,False,True,False,False
direwolf-github/ephemeral-ci-29ee7cf8,-1,-1,-1,False,True,False,False
direwolf-github/ephemeral-ci-29ee9fba,-1,-1,-1,False,True,False,False
direwolf-github/ephemeral-ci-29eeab6c,-1,-1,-1,False,True,False,False
direwolf-github/ephemeral-ci-29eeb369,-1,-1,-1,False,True,False,False
direwolf-github/ephemeral-ci-29eebc7c,-1,-1,-1,False,True,False,False
direwolf-github/ephemeral-ci-29eec5a0,-1,-1,-1,False,True,False,False
direwolf-github/ephemeral-ci-29eed2df,-1,-1,-1,False,True,False,False
direwolf-github/ephemeral-ci-29eed989,-1,-1,-1,False,True,False,False
direwolf-github/ephemeral-ci-29eee277,-1,-1,-1,False,True,False,False
direwolf-github/ephemeral-ci-29eee2e8,-1,-1,-1,False,True,False,False
direwolf-github/ephemeral-ci-29eee4d3,-1,-1,-1,False,True,False,False
direwolf-github/ephemeral-ci-29eee5cb,-1,-1,-1,False,True,False,False
direwolf-github/ephemeral-ci-29eee9ce,-1,-1,-1,False,True,False,False
direwolf-github/ephemeral-ci-29eef72a,-1,-1,-1,False,True,False,False
direwolf-github/ephemeral-ci-29ef026c,-1,-1,-1,False,True,False,False
direwolf-github/ephemeral-ci-29ef1dde,-1,-1,-1,False,True,False,False
direwolf-github/ephemeral-ci-29ef2755,-1,-1,-1,False,True,False,False
direwolf-github/ephemeral-ci-29ef2a97,-1,-1,-1,False,True,False,False
direwolf-github/ephemeral-ci-29ef2e21,-1,-1,-1,False,True,False,False
direwolf-github/ephemeral-ci-29ef4687,-1,-1,-1,False,True,False,False
direwolf-github/ephemeral-ci-29ef481b,-1,-1,-1,False,True,False,False
direwolf-github/ephemeral-ci-29ef55f7,-1,-1,-1,False,True,False,False
direwolf-github/ephemeral-ci-29ef5ecd,-1,-1,-1,False,True,False,False
direwolf-github/ephemeral-ci-29ef6113,-1,-1,-1,False,True,False,False
direwolf-github/ephemeral-ci-29ef6ea5,-1,-1,-1,False,True,False,False
direwolf-github/ephemeral-ci-29ef737c,-1,-1,-1,False,True,False,False
direwolf-github/ephemeral-ci-29ef745c,-1,-1,-1,False,True,False,False
direwolf-github/ephemeral-ci-29ef76e8,-1,-1,-1,False,True,False,False
direwolf-github/ephemeral-ci-29ef7a1c,-1,-1,-1,False,True,False,False
direwolf-github/ephemeral-ci-29ef81a9,-1,-1,-1,False,True,False,False
direwolf-github/ephemeral-ci-29ef8347,-1,-1,-1,False,True,False,False
direwolf-github/ephemeral-ci-29ef9e4d,-1,-1,-1,False,True,False,False
direwolf-github/ephemeral-ci-29efa911,-1,-1,-1,False,True,False,False
direwolf-github/ephemeral-ci-29efad3b,-1,-1,-1,False,True,False,False
direwolf-github/ephemeral-ci-29efb07e,-1,-1,-1,False,True,False,False
direwolf-github/ephemeral-ci-29efb60f,-1,-1,-1,False,True,False,False
direwolf-github/ephemeral-ci-29efc2fc,-1,-1,-1,False,True,False,False
direwolf-github/ephemeral-ci-29efc54f,-1,-1,-1,False,True,False,False
direwolf-github/ephemeral-ci-29efca04,-1,-1,-1,False,True,False,False
direwolf-github/ephemeral-ci-29efd8de,-1,-1,-1,False,True,False,False
direwolf-github/ephemeral-ci-29efda90,-1,-1,-1,False,True,False,False
direwolf-github/ephemeral-ci-29efe88c,-1,-1,-1,False,True,False,False
direwolf-github/ephemeral-ci-29efeb4d,-1,-1,-1,False,True,False,False
direwolf-github/ephemeral-ci-29efef70,-1,-1,-1,False,True,False,False
direwolf-github/ephemeral-ci-29effaec,-1,-1,-1,False,True,False,False
direwolf-github/ephemeral-ci-29effb95,-1,-1,-1,False,True,False,False
direwolf-github/ephemeral-ci-29efff1e,-1,-1,-1,False,True,False,False
direwolf-github/ephemeral-ci-29f0091a,-1,-1,-1,False,True,False,False
direwolf-github/ephemeral-ci-29f035b1,-1,-1,-1,False,True,False,False
direwolf-github/ephemeral-ci-29f03aa1,-1,-1,-1,False,True,False,False
direwolf-github/ephemeral-ci-29f03b61,-1,-1,-1,False,True,False,False
direwolf-github/ephemeral-ci-29f042b9,-1,-1,-1,False,True,False,False
direwolf-github/ephemeral-ci-29f04886,-1,-1,-1,False,True,False,False
direwolf-github/ephemeral-ci-29f04cd8,-1,-1,-1,False,True,False,False
direwolf-github/ephemeral-ci-29f04d7b,-1,-1,-1,False,True,False,False
direwolf-github/ephemeral-ci-29f06a1c,-1,-1,-1,False,True,False,False
direwolf-github/ephemeral-ci-29f07445,-1,-1,-1,False,True,False,False
direwolf-github/ephemeral-ci-29f075a1,-1,-1,-1,False,True,False,False
direwolf-github/ephemeral-ci-29f079cc,-1,-1,-1,False,True,False,False
direwolf-github/ephemeral-ci-29f07a0b,-1,-1,-1,False,True,False,False
direwolf-github/ephemeral-ci-29f08223,-1,-1,-1,False,True,False,False
direwolf-github/ephemeral-ci-29f08e0e,-1,-1,-1,False,True,False,False
direwolf-github/ephemeral-ci-29f0923b,-1,-1,-1,False,True,False,False
direwolf-github/ephemeral-ci-29f09ff0,-1,-1,-1,False,True,False,False
direwolf-github/ephemeral-ci-29f0b8d9,-1,-1,-1,False,True,False,False
direwolf-github/ephemeral-ci-29f0bad3,-1,-1,-1,False,True,False,False
direwolf-github/ephemeral-ci-29f0bbc6,-1,-1,-1,False,True,False,False
direwolf-github/ephemeral-ci-29f0c6ea,-1,-1,-1,False,True,False,False
direwolf-github/ephemeral-ci-29f0cd2a,-1,-1,-1,False,True,False,False
direwolf-github/ephemeral-ci-29f0d47d,-1,-1,-1,False,True,False,False
direwolf-github/ephemeral-ci-29f0d72f,-1,-1,-1,False,True,False,False
direwolf-github/ephemeral-ci-29f0ef3f,-1,-1,-1,False,True,False,False
direwolf-github/ephemeral-ci-29f0f0a5,-1,-1,-1,False,True,False,False
direwolf-github/ephemeral-ci-29f0f4d8,-1,-1,-1,False,True,False,False
direwolf-github/ephemeral-ci-29f0f5d3,-1,-1,-1,False,True,False,False
direwolf-github/ephemeral-ci-29f0f622,-1,-1,-1,False,True,False,False
direwolf-github/ephemeral-ci-29f10274,-1,-1,-1,False,True,False,False
direwolf-github/ephemeral-ci-29f12607,-1,-1,-1,False,True,False,False
direwolf-github/ephemeral-ci-29f12611,-1,-1,-1,False,True,False,False
direwolf-github/ephemeral-ci-29f12f67,-1,-1,-1,False,True,False,False
direwolf-github/ephemeral-ci-29f139fc,-1,-1,-1,False,True,False,False
direwolf-github/ephemeral-ci-29f13a4d,-1,-1,-1,False,True,False,False
direwolf-github/ephemeral-ci-29f13e10,-1,-1,-1,False,True,False,False
direwolf-github/ephemeral-ci-29f1465e,-1,-1,-1,False,True,False,False
direwolf-github/ephemeral-ci-29f148aa,-1,-1,-1,False,True,False,False
direwolf-github/ephemeral-ci-29f15458,-1,-1,-1,False,True,False,False
direwolf-github/ephemeral-ci-29f154b3,-1,-1,-1,False,True,False,False
direwolf-github/ephemeral-ci-29f154ed,-1,-1,-1,False,True,False,False
direwolf-github/ephemeral-ci-29f1603a,-1,-1,-1,False,True,False,False
direwolf-github/ephemeral-ci-29f16a55,-1,-1,-1,False,True,False,False
direwolf-github/ephemeral-ci-29f16a68,-1,-1,-1,False,True,False,False
direwolf-github/ephemeral-ci-29f17738,-1,-1,-1,False,True,False,False
direwolf-github/ephemeral-ci-29f198db,-1,-1,-1,False,True,False,False
direwolf-github/ephemeral-ci-29f1a960,-1,-1,-1,False,True,False,False
direwolf-github/ephemeral-ci-29f1aa83,-1,-1,-1,False,True,False,False
direwolf-github/ephemeral-ci-29f1af2f,-1,-1,-1,False,True,False,False
direwolf-github/ephemeral-ci-29f1b433,-1,-1,-1,False,True,False,False
direwolf-github/ephemeral-ci-29f1d143,-1,-1,-1,False,True,False,False
direwolf-github/ephemeral-ci-29f1d195,-1,-1,-1,False,True,False,False
direwolf-github/ephemeral-ci-29f1dd82,-1,-1,-1,False,True,False,False
direwolf-github/ephemeral-ci-29f1dfa6,-1,-1,-1,False,True,False,False
direwolf-github/ephemeral-ci-29f1e2f7,-1,-1,-1,False,True,False,False
direwolf-github/ephemeral-ci-29f1e3fe,-1,-1,-1,False,True,False,False
direwolf-github/ephemeral-ci-29f1ed38,-1,-1,-1,False,True,False,False
direwolf-github/ephemeral-ci-29f1ef4f,-1,-1,-1,False,True,False,False
direwolf-github/ephemeral-ci-29f1f6ba,-1,-1,-1,False,True,False,False
direwolf-github/ephemeral-ci-29f1fdc2,-1,-1,-1,False,True,False,False
direwolf-github/ephemeral-ci-29f20575,-1,-1,-1,False,True,False,False
direwolf-github/ephemeral-ci-29f20fb2,-1,-1,-1,False,True,False,False
direwolf-github/ephemeral-ci-29f21143,-1,-1,-1,False,True,False,False
direwolf-github/ephemeral-ci-29f21a5e,-1,-1,-1,False,True,False,False
direwolf-github/ephemeral-ci-29f21c20,-1,-1,-1,False,True,False,False
direwolf-github/ephemeral-ci-29f21f7d,-1,-1,-1,False,True,False,False
direwolf-github/ephemeral-ci-29f23b72,-1,-1,-1,False,True,False,False
direwolf-github/ephemeral-ci-29f25e9c,-1,-1,-1,False,True,False,False
direwolf-github/ephemeral-ci-29f25f0f,-1,-1,-1,False,True,False,False
direwolf-github/ephemeral-ci-29f25f80,-1,-1,-1,False,True,False,False
direwolf-github/ephemeral-ci-29f260d3,-1,-1,-1,False,True,False,False
direwolf-github/ephemeral-ci-29f27d4a,-1,-1,-1,False,True,False,False
direwolf-github/ephemeral-ci-29f28915,-1,-1,-1,False,True,False,False
direwolf-github/ephemeral-ci-29f28c5c,-1,-1,-1,False,True,False,False
direwolf-github/ephemeral-ci-29f28d4c,-1,-1,-1,False,True,False,False
direwolf-github/ephemeral-ci-29f29512,-1,-1,-1,False,True,False,False
direwolf-github/ephemeral-ci-29f2962d,-1,-1,-1,False,True,False,False
direwolf-github/ephemeral-ci-29f29e25,-1,-1,-1,False,True,False,False
direwolf-github/ephemeral-ci-29f2a03e,-1,-1,-1,False,True,False,False
direwolf-github/ephemeral-ci-29f2bb6b,-1,-1,-1,False,True,False,False
direwolf-github/ephemeral-ci-29f2be49,-1,-1,-1,False,True,False,False
direwolf-github/ephemeral-ci-29f2c2f1,-1,-1,-1,False,True,False,False
direwolf-github/ephemeral-ci-29f2c70d,-1,-1,-1,False,True,False,False
direwolf-github/ephemeral-ci-29f2c7d3,-1,-1,-1,False,True,False,False
direwolf-github/ephemeral-ci-29f2cc2e,-1,-1,-1,False,True,False,False
direwolf-github/ephemeral-ci-29f2ce40,-1,-1,-1,False,True,False,False
direwolf-github/ephemeral-ci-29f2d495,-1,-1,-1,False,True,False,False
direwolf-github/ephemeral-ci-29f2e433,-1,-1,-1,False,True,False,False
direwolf-github/ephemeral-ci-29f2e715,-1,-1,-1,False,True,False,False
direwolf-github/ephemeral-ci-29f2eba3,-1,-1,-1,False,True,False,False
direwolf-github/ephemeral-ci-29f2f2b4,-1,-1,-1,False,True,False,False
direwolf-github/ephemeral-ci-29f2f4d1,-1,-1,-1,False,True,False,False
direwolf-github/ephemeral-ci-29f2f732,-1,-1,-1,False,True,False,False
direwolf-github/ephemeral-ci-29f30002,-1,-1,-1,False,True,False,False
direwolf-github/ephemeral-ci-29f30392,-1,-1,-1,False,True,False,False
direwolf-github/ephemeral-ci-29f30797,-1,-1,-1,False,True,False,False
direwolf-github/ephemeral-ci-29f32681,-1,-1,-1,False,True,False,False
direwolf-github/ephemeral-ci-29f32d2d,-1,-1,-1,False,True,False,False
direwolf-github/ephemeral-ci-29f32d8d,-1,-1,-1,False,True,False,False
direwolf-github/ephemeral-ci-29f33e3e,-1,-1,-1,False,True,False,False
direwolf-github/ephemeral-ci-29f34c2c,-1,-1,-1,False,True,False,False
direwolf-github/ephemeral-ci-29f357f2,-1,-1,-1,False,True,False,False
direwolf-github/ephemeral-ci-29f36171,-1,-1,-1,False,True,False,False
direwolf-github/ephemeral-ci-29f36537,-1,-1,-1,False,True,False,False
direwolf-github/ephemeral-ci-29f36d77,-1,-1,-1,False,True,False,False
direwolf-github/ephemeral-ci-29f377d6,-1,-1,-1,False,True,False,False
direwolf-github/ephemeral-ci-29f3817d,-1,-1,-1,False,True,False,False
direwolf-github/ephemeral-ci-29f382e3,-1,-1,-1,False,True,False,False
direwolf-github/ephemeral-ci-29f38a23,-1,-1,-1,False,True,False,False
direwolf-github/ephemeral-ci-29f38fc3,-1,-1,-1,False,True,False,False
direwolf-github/ephemeral-ci-29f394d3,-1,-1,-1,False,True,False,False
direwolf-github/ephemeral-ci-29f398c6,-1,-1,-1,False,True,False,False
direwolf-github/ephemeral-ci-29f3a547,-1,-1,-1,False,True,False,False
direwolf-github/ephemeral-ci-29f3a6a2,-1,-1,-1,False,True,False,False
direwolf-github/ephemeral-ci-29f3c3a0,-1,-1,-1,False,True,False,False
direwolf-github/ephemeral-ci-29f3c641,-1,-1,-1,False,True,False,False
direwolf-github/ephemeral-ci-29f3cd10,-1,-1,-1,False,True,False,False
direwolf-github/ephemeral-ci-29f3d07b,-1,-1,-1,False,True,False,False
direwolf-github/ephemeral-ci-29f3d0a8,-1,-1,-1,False,True,False,False
direwolf-github/ephemeral-ci-29f3d876,-1,-1,-1,False,True,False,False
direwolf-github/ephemeral-ci-29f3dcd3,-1,-1,-1,False,True,False,False
direwolf-github/ephemeral-ci-29f3e589,-1,-1,-1,False,True,False,False
direwolf-github/ephemeral-ci-29f3e6da,-1,-1,-1,False,True,False,False
direwolf-github/ephemeral-ci-29f3e987,-1,-1,-1,False,True,False,False
direwolf-github/ephemeral-ci-29f3ed3d,-1,-1,-1,False,True,False,False
direwolf-github/ephemeral-ci-29f3f255,-1,-1,-1,False,True,False,False
direwolf-github/ephemeral-ci-29f3f89f,-1,-1,-1,False,True,False,False
direwolf-github/ephemeral-ci-29f3f8c0,-1,-1,-1,False,True,False,False
direwolf-github/ephemeral-ci-29f3fe1c,-1,-1,-1,False,True,False,False
direwolf-github/ephemeral-ci-29f40185,-1,-1,-1,False,True,False,False
direwolf-github/ephemeral-ci-29f406a3,-1,-1,-1,False,True,False,False
direwolf-github/ephemeral-ci-29f41002,-1,-1,-1,False,True,False,False
direwolf-github/ephemeral-ci-29f412b8,-1,-1,-1,False,True,False,False
direwolf-github/ephemeral-ci-29f4170a,-1,-1,-1,False,True,False,False
direwolf-github/ephemeral-ci-29f43030,-1,-1,-1,False,True,False,False
direwolf-github/ephemeral-ci-29f433d0,-1,-1,-1,False,True,False,False
direwolf-github/ephemeral-ci-29f43fc1,-1,-1,-1,False,True,False,False
direwolf-github/ephemeral-ci-29f4488e,-1,-1,-1,False,True,False,False
direwolf-github/ephemeral-ci-29f45134,-1,-1,-1,False,True,False,False
direwolf-github/ephemeral-ci-29f45627,-1,-1,-1,False,True,False,False
direwolf-github/ephemeral-ci-29f456d0,-1,-1,-1,False,True,False,False
direwolf-github/ephemeral-ci-29f4584a,-1,-1,-1,False,True,False,False
direwolf-github/ephemeral-ci-29f46db3,-1,-1,-1,False,True,False,False
direwolf-github/ephemeral-ci-29f4a31d,-1,-1,-1,False,True,False,False
direwolf-github/ephemeral-ci-29f4b6b6,-1,-1,-1,False,True,False,False
direwolf-github/ephemeral-ci-29f4ba00,-1,-1,-1,False,True,False,False
direwolf-github/ephemeral-ci-29f4be55,-1,-1,-1,False,True,False,False
direwolf-github/ephemeral-ci-29f4c4dc,-1,-1,-1,False,True,False,False
direwolf-github/ephemeral-ci-29f4ca64,-1,-1,-1,False,True,False,False
direwolf-github/ephemeral-ci-29f4cab8,-1,-1,-1,False,True,False,False
direwolf-github/ephemeral-ci-29f4cbcc,-1,-1,-1,False,True,False,False
direwolf-github/ephemeral-ci-29f4d82a,-1,-1,-1,False,True,False,False
direwolf-github/ephemeral-ci-29f4dddd,-1,-1,-1,False,True,False,False
direwolf-github/ephemeral-ci-29f4eb7b,-1,-1,-1,False,True,False,False
direwolf-github/ephemeral-ci-29f4f025,-1,-1,-1,False,True,False,False
direwolf-github/ephemeral-ci-29f4f987,-1,-1,-1,False,True,False,False
direwolf-github/ephemeral-ci-29f509a4,-1,-1,-1,False,True,False,False
direwolf-github/ephemeral-ci-29f50cee,-1,-1,-1,False,True,False,False
direwolf-github/ephemeral-ci-29f51226,-1,-1,-1,False,True,False,False
direwolf-github/ephemeral-ci-29f52c51,-1,-1,-1,False,True,False,False
direwolf-github/ephemeral-ci-29f52edd,-1,-1,-1,False,True,False,False
direwolf-github/ephemeral-ci-29f538ba,-1,-1,-1,False,True,False,False
direwolf-github/ephemeral-ci-29f54030,-1,-1,-1,False,True,False,False
direwolf-github/ephemeral-ci-29f54dca,-1,-1,-1,False,True,False,False
direwolf-github/ephemeral-ci-29f56f79,-1,-1,-1,False,True,False,False
direwolf-github/ephemeral-ci-29f5821c,-1,-1,-1,False,True,False,False
direwolf-github/ephemeral-ci-29f585ea,-1,-1,-1,False,True,False,False
direwolf-github/ephemeral-ci-29f59991,-1,-1,-1,False,True,False,False
direwolf-github/ephemeral-ci-29f59bc4,-1,-1,-1,False,True,False,False
direwolf-github/ephemeral-ci-29f5a354,-1,-1,-1,False,True,False,False
direwolf-github/ephemeral-ci-29f5adb1,-1,-1,-1,False,True,False,False
direwolf-github/ephemeral-ci-29f5b40a,-1,-1,-1,False,True,False,False
direwolf-github/ephemeral-ci-29f5b519,-1,-1,-1,False,True,False,False
direwolf-github/ephemeral-ci-29f5b741,-1,-1,-1,False,True,False,False
direwolf-github/ephemeral-ci-29f5d511,-1,-1,-1,False,True,False,False
direwolf-github/ephemeral-ci-29f5e591,-1,-1,-1,False,True,False,False
direwolf-github/ephemeral-ci-29f5f3b6,-1,-1,-1,False,True,False,False
direwolf-github/ephemeral-ci-29f60428,-1,-1,-1,False,True,False,False
direwolf-github/ephemeral-ci-29f607cd,-1,-1,-1,False,True,False,False
direwolf-github/ephemeral-ci-29f61cbf,-1,-1,-1,False,True,False,False
direwolf-github/ephemeral-ci-29f624da,-1,-1,-1,False,True,False,False
direwolf-github/ephemeral-ci-29f625db,-1,-1,-1,False,True,False,False
direwolf-github/ephemeral-ci-29f63561,-1,-1,-1,False,True,False,False
direwolf-github/ephemeral-ci-29f639d9,-1,-1,-1,False,True,False,False
direwolf-github/ephemeral-ci-29f63ec8,-1,-1,-1,False,True,False,False
direwolf-github/ephemeral-ci-29f648ab,-1,-1,-1,False,True,False,False
direwolf-github/ephemeral-ci-29f64eb9,-1,-1,-1,False,True,False,False
direwolf-github/ephemeral-ci-29f65281,-1,-1,-1,False,True,False,False
direwolf-github/ephemeral-ci-29f65486,-1,-1,-1,False,True,False,False
direwolf-github/ephemeral-ci-29f65753,-1,-1,-1,False,True,False,False
direwolf-github/ephemeral-ci-29f65bfe,-1,-1,-1,False,True,False,False
direwolf-github/ephemeral-ci-29f65f8b,-1,-1,-1,False,True,False,False
direwolf-github/ephemeral-ci-29f66680,-1,-1,-1,False,True,False,False
direwolf-github/ephemeral-ci-29f66d29,-1,-1,-1,False,True,False,False
direwolf-github/ephemeral-ci-29f66e2d,-1,-1,-1,False,True,False,False
direwolf-github/ephemeral-ci-29f673b8,-1,-1,-1,False,True,False,False
direwolf-github/ephemeral-ci-29f69189,-1,-1,-1,False,True,False,False
direwolf-github/ephemeral-ci-29f6939f,-1,-1,-1,False,True,False,False
direwolf-github/ephemeral-ci-29f6a013,-1,-1,-1,False,True,False,False
direwolf-github/ephemeral-ci-29f6a03f,-1,-1,-1,False,True,False,False
direwolf-github/ephemeral-ci-29f6a70f,-1,-1,-1,False,True,False,False
direwolf-github/ephemeral-ci-29f6a94f,-1,-1,-1,False,True,False,False
direwolf-github/ephemeral-ci-29f6b00b,-1,-1,-1,False,True,False,False
direwolf-github/ephemeral-ci-29f6b0f8,-1,-1,-1,False,True,False,False
direwolf-github/ephemeral-ci-29f6b114,-1,-1,-1,False,True,False,False
direwolf-github/ephemeral-ci-29f6b94f,-1,-1,-1,False,True,False,False
direwolf-github/ephemeral-ci-29f6bdd0,-1,-1,-1,False,True,False,False
direwolf-github/ephemeral-ci-29f6ca9f,-1,-1,-1,False,True,False,False
direwolf-github/ephemeral-ci-29f6cc6c,-1,-1,-1,False,True,False,False
direwolf-github/ephemeral-ci-29f6ccdf,-1,-1,-1,False,True,False,False
direwolf-github/ephemeral-ci-29f6d084,-1,-1,-1,False,True,False,False
direwolf-github/ephemeral-ci-29f6d2d7,-1,-1,-1,False,True,False,False
direwolf-github/ephemeral-ci-29f6dfcb,-1,-1,-1,False,True,False,False
direwolf-github/ephemeral-ci-29f6e0c3,-1,-1,-1,False,True,False,False
direwolf-github/ephemeral-ci-29f6ea08,-1,-1,-1,False,True,False,False
direwolf-github/ephemeral-ci-29f6ee14,-1,-1,-1,False,True,False,False
direwolf-github/ephemeral-ci-29f6f1af,-1,-1,-1,False,True,False,False
direwolf-github/ephemeral-ci-29f6f208,-1,-1,-1,False,True,False,False
direwolf-github/ephemeral-ci-29f6f4fe,-1,-1,-1,False,True,False,False
direwolf-github/ephemeral-ci-29f6ff0c,-1,-1,-1,False,True,False,False
direwolf-github/ephemeral-ci-29f6ff36,-1,-1,-1,False,True,False,False
direwolf-github/ephemeral-ci-29f715dd,-1,-1,-1,False,True,False,False
direwolf-github/ephemeral-ci-29f71cdf,-1,-1,-1,False,True,False,False
direwolf-github/ephemeral-ci-29f72033,-1,-1,-1,False,True,False,False
direwolf-github/ephemeral-ci-29f72859,-1,-1,-1,False,True,False,False
direwolf-github/ephemeral-ci-29f73446,-1,-1,-1,False,True,False,False
direwolf-github/ephemeral-ci-29f74140,-1,-1,-1,False,True,False,False
direwolf-github/ephemeral-ci-29f749cd,-1,-1,-1,False,True,False,False
direwolf-github/ephemeral-ci-29f74c19,-1,-1,-1,False,True,False,False
direwolf-github/ephemeral-ci-29f752e0,-1,-1,-1,False,True,False,False
direwolf-github/ephemeral-ci-29f75da5,-1,-1,-1,False,True,False,False
direwolf-github/ephemeral-ci-29f75f03,-1,-1,-1,False,True,False,False
direwolf-github/ephemeral-ci-29f76020,-1,-1,-1,False,True,False,False
direwolf-github/ephemeral-ci-29f7640b,-1,-1,-1,False,True,False,False
direwolf-github/ephemeral-ci-29f7660e,-1,-1,-1,False,True,False,False
direwolf-github/ephemeral-ci-29f767fd,-1,-1,-1,False,True,False,False
direwolf-github/ephemeral-ci-29f779ff,-1,-1,-1,False,True,False,False
direwolf-github/ephemeral-ci-29f78758,-1,-1,-1,False,True,False,False
direwolf-github/ephemeral-ci-29f795be,-1,-1,-1,False,True,False,False
direwolf-github/ephemeral-ci-29f7a340,-1,-1,-1,False,True,False,False
direwolf-github/ephemeral-ci-29f7a36a,-1,-1,-1,False,True,False,False
direwolf-github/ephemeral-ci-29f7a79e,-1,-1,-1,False,True,False,False
direwolf-github/ephemeral-ci-29f7ae76,-1,-1,-1,False,True,False,False
direwolf-github/ephemeral-ci-29f7b760,-1,-1,-1,False,True,False,False
direwolf-github/ephemeral-ci-29f7d448,-1,-1,-1,False,True,False,False
direwolf-github/ephemeral-ci-29f7efaa,-1,-1,-1,False,True,False,False
direwolf-github/ephemeral-ci-29f7f980,-1,-1,-1,False,True,False,False
direwolf-github/ephemeral-ci-29f7faf8,-1,-1,-1,False,True,False,False
direwolf-github/ephemeral-ci-29f7ffc8,-1,-1,-1,False,True,False,False
direwolf-github/ephemeral-ci-29f8017b,-1,-1,-1,False,True,False,False
direwolf-github/ephemeral-ci-29f8050d,-1,-1,-1,False,True,False,False
direwolf-github/ephemeral-ci-29f81163,-1,-1,-1,False,True,False,False
direwolf-github/ephemeral-ci-29f813fd,-1,-1,-1,False,True,False,False
direwolf-github/ephemeral-ci-29f81e4f,-1,-1,-1,False,True,False,False
direwolf-github/ephemeral-ci-29f81fd3,-1,-1,-1,False,True,False,False
direwolf-github/ephemeral-ci-29f82638,-1,-1,-1,False,True,False,False
direwolf-github/ephemeral-ci-29f83ad0,-1,-1,-1,False,True,False,False
direwolf-github/ephemeral-ci-29f83b6d,-1,-1,-1,False,True,False,False
direwolf-github/ephemeral-ci-29f84aad,-1,-1,-1,False,True,False,False
direwolf-github/ephemeral-ci-29f85fd4,-1,-1,-1,False,True,False,False
direwolf-github/ephemeral-ci-29f86e71,-1,-1,-1,False,True,False,False
direwolf-github/ephemeral-ci-29f8ab38,-1,-1,-1,False,True,False,False
direwolf-github/ephemeral-ci-29f8b7ea,-1,-1,-1,False,True,False,False
direwolf-github/ephemeral-ci-29f8bdbd,-1,-1,-1,False,True,False,False
direwolf-github/ephemeral-ci-29f8be0a,-1,-1,-1,False,True,False,False
direwolf-github/ephemeral-ci-29f8cbba,-1,-1,-1,False,True,False,False
direwolf-github/ephemeral-ci-29f8d033,-1,-1,-1,False,True,False,False
direwolf-github/ephemeral-ci-29f8de83,-1,-1,-1,False,True,False,False
direwolf-github/ephemeral-ci-29f8df90,-1,-1,-1,False,True,False,False
direwolf-github/ephemeral-ci-29f8e045,-1,-1,-1,False,True,False,False
direwolf-github/ephemeral-ci-29f8e1e1,-1,-1,-1,False,True,False,False
direwolf-github/ephemeral-ci-29f8e2ee,-1,-1,-1,False,True,False,False
direwolf-github/ephemeral-ci-29f8e2fa,-1,-1,-1,False,True,False,False
direwolf-github/ephemeral-ci-29f8e573,-1,-1,-1,False,True,False,False
direwolf-github/ephemeral-ci-29f8e767,-1,-1,-1,False,True,False,False
direwolf-github/ephemeral-ci-29f8f0ac,-1,-1,-1,False,True,False,False
direwolf-github/ephemeral-ci-29f8f784,-1,-1,-1,False,True,False,False
direwolf-github/ephemeral-ci-29f90c6c,-1,-1,-1,False,True,False,False
direwolf-github/ephemeral-ci-29f91177,-1,-1,-1,False,True,False,False
direwolf-github/ephemeral-ci-29f9142b,-1,-1,-1,False,True,False,False
direwolf-github/ephemeral-ci-29f914cc,-1,-1,-1,False,True,False,False
direwolf-github/ephemeral-ci-29f91fac,-1,-1,-1,False,True,False,False
direwolf-github/ephemeral-ci-29f91fe7,-1,-1,-1,False,True,False,False
direwolf-github/ephemeral-ci-29f9354c,-1,-1,-1,False,True,False,False
direwolf-github/ephemeral-ci-29f93dcf,-1,-1,-1,False,True,False,False
direwolf-github/ephemeral-ci-29f93dd6,-1,-1,-1,False,True,False,False
direwolf-github/ephemeral-ci-29f945cd,-1,-1,-1,False,True,False,False
direwolf-github/ephemeral-ci-29f95ca3,-1,-1,-1,False,True,False,False
direwolf-github/ephemeral-ci-29f960c0,-1,-1,-1,False,True,False,False
direwolf-github/ephemeral-ci-29f9650f,-1,-1,-1,False,True,False,False
direwolf-github/ephemeral-ci-29f96685,-1,-1,-1,False,True,False,False
direwolf-github/ephemeral-ci-29f97b90,-1,-1,-1,False,True,False,False
direwolf-github/ephemeral-ci-29f97fa4,-1,-1,-1,False,True,False,False
direwolf-github/ephemeral-ci-29f9851a,-1,-1,-1,False,True,False,False
direwolf-github/ephemeral-ci-29f988de,-1,-1,-1,False,True,False,False
direwolf-github/ephemeral-ci-29f999cd,-1,-1,-1,False,True,False,False
direwolf-github/ephemeral-ci-29f9bdbd,-1,-1,-1,False,True,False,False
direwolf-github/ephemeral-ci-29f9c390,-1,-1,-1,False,True,False,False
direwolf-github/ephemeral-ci-29f9c590,-1,-1,-1,False,True,False,False
direwolf-github/ephemeral-ci-29f9c645,-1,-1,-1,False,True,False,False
direwolf-github/ephemeral-ci-29f9c909,-1,-1,-1,False,True,False,False
direwolf-github/ephemeral-ci-29f9d1b9,-1,-1,-1,False,True,False,False
direwolf-github/ephemeral-ci-29f9d4fb,-1,-1,-1,False,True,False,False
direwolf-github/ephemeral-ci-29f9e842,-1,-1,-1,False,True,False,False
direwolf-github/ephemeral-ci-29f9f53d,-1,-1,-1,False,True,False,False
direwolf-github/ephemeral-ci-29fa0263,-1,-1,-1,False,True,False,False
direwolf-github/ephemeral-ci-29fa086a,-1,-1,-1,False,True,False,False
direwolf-github/ephemeral-ci-29fa13fb,-1,-1,-1,False,True,False,False
direwolf-github/ephemeral-ci-29fa1b46,-1,-1,-1,False,True,False,False
direwolf-github/ephemeral-ci-29fa32f9,-1,-1,-1,False,True,False,False
direwolf-github/ephemeral-ci-29fa3782,-1,-1,-1,False,True,False,False
direwolf-github/ephemeral-ci-29fa459f,-1,-1,-1,False,True,False,False
direwolf-github/ephemeral-ci-29fa5813,-1,-1,-1,False,True,False,False
direwolf-github/ephemeral-ci-29fa594c,-1,-1,-1,False,True,False,False
direwolf-github/ephemeral-ci-29fa5cea,-1,-1,-1,False,True,False,False
direwolf-github/ephemeral-ci-29fa64b1,-1,-1,-1,False,True,False,False
direwolf-github/ephemeral-ci-29fa6a0c,-1,-1,-1,False,True,False,False
direwolf-github/ephemeral-ci-29fa6ede,-1,-1,-1,False,True,False,False
direwolf-github/ephemeral-ci-29fa8853,-1,-1,-1,False,True,False,False
direwolf-github/ephemeral-ci-29fa8ac3,-1,-1,-1,False,True,False,False
direwolf-github/ephemeral-ci-29fa8f22,-1,-1,-1,False,True,False,False
direwolf-github/ephemeral-ci-29fa9334,-1,-1,-1,False,True,False,False
direwolf-github/ephemeral-ci-29fab03b,-1,-1,-1,False,True,False,False
direwolf-github/ephemeral-ci-29faca3a,-1,-1,-1,False,True,False,False
direwolf-github/ephemeral-ci-29facd29,-1,-1,-1,False,True,False,False
direwolf-github/ephemeral-ci-29fad309,-1,-1,-1,False,True,False,False
direwolf-github/ephemeral-ci-29faf3c5,-1,-1,-1,False,True,False,False
direwolf-github/ephemeral-ci-29fafa2f,-1,-1,-1,False,True,False,False
direwolf-github/ephemeral-ci-29fafad4,-1,-1,-1,False,True,False,False
direwolf-github/ephemeral-ci-29fb0948,-1,-1,-1,False,True,False,False
direwolf-github/ephemeral-ci-29fb0ad3,-1,-1,-1,False,True,False,False
direwolf-github/ephemeral-ci-29fb1375,-1,-1,-1,False,True,False,False
direwolf-github/ephemeral-ci-29fb16b1,-1,-1,-1,False,True,False,False
direwolf-github/ephemeral-ci-29fb1de0,-1,-1,-1,False,True,False,False
direwolf-github/ephemeral-ci-29fb2d7b,-1,-1,-1,False,True,False,False
direwolf-github/ephemeral-ci-29fb2f4e,-1,-1,-1,False,True,False,False
direwolf-github/ephemeral-ci-29fb326e,-1,-1,-1,False,True,False,False
direwolf-github/ephemeral-ci-29fb3c23,-1,-1,-1,False,True,False,False
direwolf-github/ephemeral-ci-29fb521d,-1,-1,-1,False,True,False,False
direwolf-github/ephemeral-ci-29fb5ac4,-1,-1,-1,False,True,False,False
direwolf-github/ephemeral-ci-29fb5d0a,-1,-1,-1,False,True,False,False
direwolf-github/ephemeral-ci-29fb609c,-1,-1,-1,False,True,False,False
direwolf-github/ephemeral-ci-29fb6e82,-1,-1,-1,False,True,False,False
direwolf-github/ephemeral-ci-29fb6f53,-1,-1,-1,False,True,False,False
direwolf-github/ephemeral-ci-29fb8e52,-1,-1,-1,False,True,False,False
direwolf-github/ephemeral-ci-29fbb36b,-1,-1,-1,False,True,False,False
direwolf-github/ephemeral-ci-29fbbeca,-1,-1,-1,False,True,False,False
direwolf-github/ephemeral-ci-29fbd045,-1,-1,-1,False,True,False,False
direwolf-github/ephemeral-ci-29fbd856,-1,-1,-1,False,True,False,False
direwolf-github/ephemeral-ci-29fbd9b3,-1,-1,-1,False,True,False,False
direwolf-github/ephemeral-ci-29fbdd0a,-1,-1,-1,False,True,False,False
direwolf-github/ephemeral-ci-29fbe1cd,-1,-1,-1,False,True,False,False
direwolf-github/ephemeral-ci-29fbe2b9,-1,-1,-1,False,True,False,False
direwolf-github/ephemeral-ci-29fbed38,-1,-1,-1,False,True,False,False
direwolf-github/ephemeral-ci-29fbf0c4,-1,-1,-1,False,True,False,False
direwolf-github/ephemeral-ci-29fbf1b6,-1,-1,-1,False,True,False,False
direwolf-github/ephemeral-ci-29fbf76e,-1,-1,-1,False,True,False,False
direwolf-github/ephemeral-ci-29fbf7bc,-1,-1,-1,False,True,False,False
direwolf-github/ephemeral-ci-29fc037d,-1,-1,-1,False,True,False,False
direwolf-github/ephemeral-ci-29fc0760,-1,-1,-1,False,True,False,False
direwolf-github/ephemeral-ci-29fc0b3c,-1,-1,-1,False,True,False,False
direwolf-github/ephemeral-ci-29fc125e,-1,-1,-1,False,True,False,False
direwolf-github/ephemeral-ci-29fc151c,-1,-1,-1,False,True,False,False
direwolf-github/ephemeral-ci-29fc1753,-1,-1,-1,False,True,False,False
direwolf-github/ephemeral-ci-29fc24b0,-1,-1,-1,False,True,False,False
direwolf-github/ephemeral-ci-29fc2c41,-1,-1,-1,False,True,False,False
direwolf-github/ephemeral-ci-29fc2d5b,-1,-1,-1,False,True,False,False
direwolf-github/ephemeral-ci-29fc35e0,-1,-1,-1,False,True,False,False
direwolf-github/ephemeral-ci-29fc37ac,-1,-1,-1,False,True,False,False
direwolf-github/ephemeral-ci-29fc5a07,-1,-1,-1,False,True,False,False
direwolf-github/ephemeral-ci-29fc6283,-1,-1,-1,False,True,False,False
direwolf-github/ephemeral-ci-29fc698c,-1,-1,-1,False,True,False,False
direwolf-github/ephemeral-ci-29fc7a6b,-1,-1,-1,False,True,False,False
direwolf-github/ephemeral-ci-29fc7cf1,-1,-1,-1,False,True,False,False
direwolf-github/ephemeral-ci-29fc9220,-1,-1,-1,False,True,False,False
direwolf-github/ephemeral-ci-29fcd1a8,-1,-1,-1,False,True,False,False
direwolf-github/ephemeral-ci-29fcd697,-1,-1,-1,False,True,False,False
direwolf-github/ephemeral-ci-29fcdee3,-1,-1,-1,False,True,False,False
direwolf-github/ephemeral-ci-29fcdf4d,-1,-1,-1,False,True,False,False
direwolf-github/ephemeral-ci-29fce158,-1,-1,-1,False,True,False,False
direwolf-github/ephemeral-ci-29fcea35,-1,-1,-1,False,True,False,False
direwolf-github/ephemeral-ci-29fcf737,-1,-1,-1,False,True,False,False
direwolf-github/ephemeral-ci-29fcf8de,-1,-1,-1,False,True,False,False
direwolf-github/ephemeral-ci-29fcfec7,-1,-1,-1,False,True,False,False
direwolf-github/ephemeral-ci-29fd0f8e,-1,-1,-1,False,True,False,False
direwolf-github/ephemeral-ci-29fd1ef6,-1,-1,-1,False,True,False,False
direwolf-github/ephemeral-ci-29fd2e19,-1,-1,-1,False,True,False,False
direwolf-github/ephemeral-ci-29fd2e60,-1,-1,-1,False,True,False,False
direwolf-github/ephemeral-ci-29fd335b,-1,-1,-1,False,True,False,False
direwolf-github/ephemeral-ci-29fd3e07,-1,-1,-1,False,True,False,False
direwolf-github/ephemeral-ci-29fd3ffe,-1,-1,-1,False,True,False,False
direwolf-github/ephemeral-ci-29fd4722,-1,-1,-1,False,True,False,False
direwolf-github/ephemeral-ci-29fd4957,-1,-1,-1,False,True,False,False
direwolf-github/ephemeral-ci-29fd4dcd,-1,-1,-1,False,True,False,False
direwolf-github/ephemeral-ci-29fd53c9,-1,-1,-1,False,True,False,False
direwolf-github/ephemeral-ci-29fd5aea,-1,-1,-1,False,True,False,False
direwolf-github/ephemeral-ci-29fd6d74,-1,-1,-1,False,True,False,False
direwolf-github/ephemeral-ci-29fd77d6,-1,-1,-1,False,True,False,False
direwolf-github/ephemeral-ci-29fd95e3,-1,-1,-1,False,True,False,False
direwolf-github/ephemeral-ci-29fda209,-1,-1,-1,False,True,False,False
direwolf-github/ephemeral-ci-29fdbb2b,-1,-1,-1,False,True,False,False
direwolf-github/ephemeral-ci-29fdc3f1,-1,-1,-1,False,True,False,False
direwolf-github/ephemeral-ci-29fdc542,-1,-1,-1,False,True,False,False
direwolf-github/ephemeral-ci-29fdcaa3,-1,-1,-1,False,True,False,False
direwolf-github/ephemeral-ci-29fe1dae,-1,-1,-1,False,True,False,False
direwolf-github/ephemeral-ci-29fe2564,-1,-1,-1,False,True,False,False
direwolf-github/ephemeral-ci-29fe271b,-1,-1,-1,False,True,False,False
direwolf-github/ephemeral-ci-29fe3bcc,-1,-1,-1,False,True,False,False
direwolf-github/ephemeral-ci-29fe3da5,-1,-1,-1,False,True,False,False
direwolf-github/ephemeral-ci-29fe6e11,-1,-1,-1,False,True,False,False
direwolf-github/ephemeral-ci-29fe7388,-1,-1,-1,False,True,False,False
direwolf-github/ephemeral-ci-29fe73d4,-1,-1,-1,False,True,False,False
direwolf-github/ephemeral-ci-29fe76db,-1,-1,-1,False,True,False,False
direwolf-github/ephemeral-ci-29fe7b04,-1,-1,-1,False,True,False,False
direwolf-github/ephemeral-ci-29fe7bd5,-1,-1,-1,False,True,False,False
direwolf-github/ephemeral-ci-29fe8523,-1,-1,-1,False,True,False,False
direwolf-github/ephemeral-ci-29fe8eb6,-1,-1,-1,False,True,False,False
direwolf-github/ephemeral-ci-29fe9b84,-1,-1,-1,False,True,False,False
direwolf-github/ephemeral-ci-29fea5a0,-1,-1,-1,False,True,False,False
direwolf-github/ephemeral-ci-29fea98b,-1,-1,-1,False,True,False,False
direwolf-github/ephemeral-ci-29fead4a,-1,-1,-1,False,True,False,False
direwolf-github/ephemeral-ci-29feb72e,-1,-1,-1,False,True,False,False
direwolf-github/ephemeral-ci-29fed066,-1,-1,-1,False,True,False,False
direwolf-github/ephemeral-ci-29feeadb,-1,-1,-1,False,True,False,False
direwolf-github/ephemeral-ci-29fef3e5,-1,-1,-1,False,True,False,False
direwolf-github/ephemeral-ci-29feffbd,-1,-1,-1,False,True,False,False
direwolf-github/ephemeral-ci-29ff0c68,-1,-1,-1,False,True,False,False
direwolf-github/ephemeral-ci-29ff1a59,-1,-1,-1,False,True,False,False
direwolf-github/ephemeral-ci-29ff1e24,-1,-1,-1,False,True,False,False
direwolf-github/ephemeral-ci-29ff2202,-1,-1,-1,False,True,False,False
direwolf-github/ephemeral-ci-29ff3237,-1,-1,-1,False,True,False,False
direwolf-github/ephemeral-ci-29ff3bd1,-1,-1,-1,False,True,False,False
direwolf-github/ephemeral-ci-29ff4278,-1,-1,-1,False,True,False,False
direwolf-github/ephemeral-ci-29ff4f45,-1,-1,-1,False,True,False,False
direwolf-github/ephemeral-ci-29ff555e,-1,-1,-1,False,True,False,False
direwolf-github/ephemeral-ci-29ff6547,-1,-1,-1,False,True,False,False
direwolf-github/ephemeral-ci-29ff87a9,-1,-1,-1,False,True,False,False
direwolf-github/ephemeral-ci-29ff91c3,-1,-1,-1,False,True,False,False
direwolf-github/ephemeral-ci-29ff962e,-1,-1,-1,False,True,False,False
direwolf-github/ephemeral-ci-29ff9c7b,-1,-1,-1,False,True,False,False
direwolf-github/ephemeral-ci-29ffb3e6,-1,-1,-1,False,True,False,False
direwolf-github/ephemeral-ci-29ffb9a3,-1,-1,-1,False,True,False,False
direwolf-github/ephemeral-ci-29ffc44a,-1,-1,-1,False,True,False,False
direwolf-github/ephemeral-ci-29ffc46d,-1,-1,-1,False,True,False,False
direwolf-github/ephemeral-ci-29ffcdd0,-1,-1,-1,False,True,False,False
direwolf-github/ephemeral-ci-29ffda08,-1,-1,-1,False,True,False,False
direwolf-github/ephemeral-ci-29ffe5c9,-1,-1,-1,False,True,False,False
direwolf-github/ephemeral-ci-29fff61f,-1,-1,-1,False,True,False,False
direwolf-github/ephemeral-ci-29fff8e3,-1,-1,-1,False,True,False,False
direwolf-github/ephemeral-ci-2a00054a,-1,-1,-1,False,True,False,False
direwolf-github/ephemeral-ci-2a000f54,-1,-1,-1,False,True,False,False
direwolf-github/ephemeral-ci-2a001083,-1,-1,-1,False,True,False,False
direwolf-github/ephemeral-ci-2a001aae,-1,-1,-1,False,True,False,False
direwolf-github/ephemeral-ci-2a0020a1,-1,-1,-1,False,True,False,False
direwolf-github/ephemeral-ci-2a0028ab,-1,-1,-1,False,True,False,False
direwolf-github/ephemeral-ci-2a003e92,-1,-1,-1,False,True,False,False
direwolf-github/ephemeral-ci-2a005958,-1,-1,-1,False,True,False,False
direwolf-github/ephemeral-ci-2a007b66,-1,-1,-1,False,True,False,False
direwolf-github/ephemeral-ci-2a008f54,-1,-1,-1,False,True,False,False
direwolf-github/ephemeral-ci-2a0092c9,-1,-1,-1,False,True,False,False
direwolf-github/ephemeral-ci-2a009d25,-1,-1,-1,False,True,False,False
direwolf-github/ephemeral-ci-2a00be28,-1,-1,-1,False,True,False,False
direwolf-github/ephemeral-ci-2a00d019,-1,-1,-1,False,True,False,False
direwolf-github/ephemeral-ci-2a00d2c2,-1,-1,-1,False,True,False,False
direwolf-github/ephemeral-ci-2a00da0e,-1,-1,-1,False,True,False,False
direwolf-github/ephemeral-ci-2a00dcf6,-1,-1,-1,False,True,False,False
direwolf-github/ephemeral-ci-2a00eb12,-1,-1,-1,False,True,False,False
direwolf-github/ephemeral-ci-2a00f89b,-1,-1,-1,False,True,False,False
direwolf-github/ephemeral-ci-2a010e99,-1,-1,-1,False,True,False,False
direwolf-github/ephemeral-ci-2a010ed9,-1,-1,-1,False,True,False,False
direwolf-github/ephemeral-ci-2a011b48,-1,-1,-1,False,True,False,False
direwolf-github/ephemeral-ci-2a011f1b,-1,-1,-1,False,True,False,False
direwolf-github/ephemeral-ci-2a012066,-1,-1,-1,False,True,False,False
direwolf-github/ephemeral-ci-2a012a27,-1,-1,-1,False,True,False,False
direwolf-github/ephemeral-ci-2a012c9c,-1,-1,-1,False,True,False,False
direwolf-github/ephemeral-ci-2a015030,-1,-1,-1,False,True,False,False
direwolf-github/ephemeral-ci-2a0167cf,-1,-1,-1,False,True,False,False
direwolf-github/ephemeral-ci-2a01707e,-1,-1,-1,False,True,False,False
direwolf-github/ephemeral-ci-2a01776d,-1,-1,-1,False,True,False,False
direwolf-github/ephemeral-ci-2a017e9e,-1,-1,-1,False,True,False,False
direwolf-github/ephemeral-ci-2a01804d,-1,-1,-1,False,True,False,False
direwolf-github/ephemeral-ci-2a0181a4,-1,-1,-1,False,True,False,False
direwolf-github/ephemeral-ci-2a018c41,-1,-1,-1,False,True,False,False
direwolf-github/ephemeral-ci-2a019ed9,-1,-1,-1,False,True,False,False
direwolf-github/ephemeral-ci-2a01a560,-1,-1,-1,False,True,False,False
direwolf-github/ephemeral-ci-2a01aa90,-1,-1,-1,False,True,False,False
direwolf-github/ephemeral-ci-2a01b92b,-1,-1,-1,False,True,False,False
direwolf-github/ephemeral-ci-2a01c8b8,-1,-1,-1,False,True,False,False
direwolf-github/ephemeral-ci-2a01cde0,-1,-1,-1,False,True,False,False
direwolf-github/ephemeral-ci-2a01d0be,-1,-1,-1,False,True,False,False
direwolf-github/ephemeral-ci-2a020f09,-1,-1,-1,False,True,False,False
direwolf-github/ephemeral-ci-2a021528,-1,-1,-1,False,True,False,False
direwolf-github/ephemeral-ci-2a021d7d,-1,-1,-1,False,True,False,False
direwolf-github/ephemeral-ci-2a021dec,-1,-1,-1,False,True,False,False
direwolf-github/ephemeral-ci-2a022ce0,-1,-1,-1,False,True,False,False
direwolf-github/ephemeral-ci-2a024498,-1,-1,-1,False,True,False,False
direwolf-github/ephemeral-ci-2a0253e0,-1,-1,-1,False,True,False,False
direwolf-github/ephemeral-ci-2a025bfe,-1,-1,-1,False,True,False,False
direwolf-github/ephemeral-ci-2a0261ed,-1,-1,-1,False,True,False,False
direwolf-github/ephemeral-ci-2a02731c,-1,-1,-1,False,True,False,False
direwolf-github/ephemeral-ci-2a028794,-1,-1,-1,False,True,False,False
direwolf-github/ephemeral-ci-2a028c8d,-1,-1,-1,False,True,False,False
direwolf-github/ephemeral-ci-2a02933e,-1,-1,-1,False,True,False,False
direwolf-github/ephemeral-ci-2a029d7c,-1,-1,-1,False,True,False,False
direwolf-github/ephemeral-ci-2a02b5fd,-1,-1,-1,False,True,False,False
direwolf-github/ephemeral-ci-2a02b81c,-1,-1,-1,False,True,False,False
direwolf-github/ephemeral-ci-2a02ba7a,-1,-1,-1,False,True,False,False
direwolf-github/ephemeral-ci-2a02bad7,-1,-1,-1,False,True,False,False
direwolf-github/ephemeral-ci-2a02bd25,-1,-1,-1,False,True,False,False
direwolf-github/ephemeral-ci-2a02ca03,-1,-1,-1,False,True,False,False
direwolf-github/ephemeral-ci-2a02d18e,-1,-1,-1,False,True,False,False
direwolf-github/ephemeral-ci-2a02f6c2,-1,-1,-1,False,True,False,False
direwolf-github/ephemeral-ci-2a02ff2e,-1,-1,-1,False,True,False,False
direwolf-github/ephemeral-ci-2a0302c2,-1,-1,-1,False,True,False,False
direwolf-github/ephemeral-ci-2a030fc7,-1,-1,-1,False,True,False,False
direwolf-github/ephemeral-ci-2a0319b9,-1,-1,-1,False,True,False,False
direwolf-github/ephemeral-ci-2a032846,-1,-1,-1,False,True,False,False
direwolf-github/ephemeral-ci-2a032fda,-1,-1,-1,False,True,False,False
direwolf-github/ephemeral-ci-2a03342d,-1,-1,-1,False,True,False,False
direwolf-github/ephemeral-ci-2a0334b5,-1,-1,-1,False,True,False,False
direwolf-github/ephemeral-ci-2a0336ee,-1,-1,-1,False,True,False,False
direwolf-github/ephemeral-ci-2a03406e,-1,-1,-1,False,True,False,False
direwolf-github/ephemeral-ci-2a035959,-1,-1,-1,False,True,False,False
direwolf-github/ephemeral-ci-2a035e49,-1,-1,-1,False,True,False,False
direwolf-github/ephemeral-ci-2a036042,-1,-1,-1,False,True,False,False
direwolf-github/ephemeral-ci-2a0360cf,-1,-1,-1,False,True,False,False
direwolf-github/ephemeral-ci-2a0386a6,-1,-1,-1,False,True,False,False
direwolf-github/ephemeral-ci-2a038869,-1,-1,-1,False,True,False,False
direwolf-github/ephemeral-ci-2a039ffd,-1,-1,-1,False,True,False,False
direwolf-github/ephemeral-ci-2a03a932,-1,-1,-1,False,True,False,False
direwolf-github/ephemeral-ci-2a03a9e2,-1,-1,-1,False,True,False,False
direwolf-github/ephemeral-ci-2a03baea,-1,-1,-1,False,True,False,False
direwolf-github/ephemeral-ci-2a03ca38,-1,-1,-1,False,True,False,False
direwolf-github/ephemeral-ci-2a03cb14,-1,-1,-1,False,True,False,False
direwolf-github/ephemeral-ci-2a03cdb6,-1,-1,-1,False,True,False,False
direwolf-github/ephemeral-ci-2a03cec4,-1,-1,-1,False,True,False,False
direwolf-github/ephemeral-ci-2a03d5ae,-1,-1,-1,False,True,False,False
direwolf-github/ephemeral-ci-2a03e1c2,-1,-1,-1,False,True,False,False
direwolf-github/ephemeral-ci-2a03e98a,-1,-1,-1,False,True,False,False
direwolf-github/ephemeral-ci-2a03fa02,-1,-1,-1,False,True,False,False
direwolf-github/ephemeral-ci-2a040875,-1,-1,-1,False,True,False,False
direwolf-github/ephemeral-ci-2a0413cf,-1,-1,-1,False,True,False,False
direwolf-github/ephemeral-ci-2a0413dd,-1,-1,-1,False,True,False,False
direwolf-github/ephemeral-ci-2a0414d1,-1,-1,-1,False,True,False,False
direwolf-github/ephemeral-ci-2a04151a,-1,-1,-1,False,True,False,False
direwolf-github/ephemeral-ci-2a042267,-1,-1,-1,False,True,False,False
direwolf-github/ephemeral-ci-2a04289d,-1,-1,-1,False,True,False,False
direwolf-github/ephemeral-ci-2a04434d,-1,-1,-1,False,True,False,False
direwolf-github/ephemeral-ci-2a044455,-1,-1,-1,False,True,False,False
direwolf-github/ephemeral-ci-2a044eea,-1,-1,-1,False,True,False,False
direwolf-github/ephemeral-ci-2a045773,-1,-1,-1,False,True,False,False
direwolf-github/ephemeral-ci-2a045a13,-1,-1,-1,False,True,False,False
direwolf-github/ephemeral-ci-2a045a60,-1,-1,-1,False,True,False,False
direwolf-github/ephemeral-ci-2a045be1,-1,-1,-1,False,True,False,False
direwolf-github/ephemeral-ci-2a046d73,-1,-1,-1,False,True,False,False
direwolf-github/ephemeral-ci-2a047713,-1,-1,-1,False,True,False,False
direwolf-github/ephemeral-ci-2a047ef8,-1,-1,-1,False,True,False,False
direwolf-github/ephemeral-ci-2a048565,-1,-1,-1,False,True,False,False
direwolf-github/ephemeral-ci-2a048b4f,-1,-1,-1,False,True,False,False
direwolf-github/ephemeral-ci-2a049000,-1,-1,-1,False,True,False,False
direwolf-github/ephemeral-ci-2a0492c8,-1,-1,-1,False,True,False,False
direwolf-github/ephemeral-ci-2a04aa93,-1,-1,-1,False,True,False,False
direwolf-github/ephemeral-ci-2a04aec2,-1,-1,-1,False,True,False,False
direwolf-github/ephemeral-ci-2a04af94,-1,-1,-1,False,True,False,False
direwolf-github/ephemeral-ci-2a04b1c6,-1,-1,-1,False,True,False,False
direwolf-github/ephemeral-ci-2a04b82e,-1,-1,-1,False,True,False,False
direwolf-github/ephemeral-ci-2a04bb5d,-1,-1,-1,False,True,False,False
direwolf-github/ephemeral-ci-2a04c248,-1,-1,-1,False,True,False,False
direwolf-github/ephemeral-ci-2a04d2ec,-1,-1,-1,False,True,False,False
direwolf-github/ephemeral-ci-2a04d353,-1,-1,-1,False,True,False,False
direwolf-github/ephemeral-ci-2a04d51e,-1,-1,-1,False,True,False,False
direwolf-github/ephemeral-ci-2a04dc16,-1,-1,-1,False,True,False,False
direwolf-github/ephemeral-ci-2a04df9a,-1,-1,-1,False,True,False,False
direwolf-github/ephemeral-ci-2a04e771,-1,-1,-1,False,True,False,False
direwolf-github/ephemeral-ci-2a04e8f8,-1,-1,-1,False,True,False,False
direwolf-github/ephemeral-ci-2a04f3c9,-1,-1,-1,False,True,False,False
direwolf-github/ephemeral-ci-2a04f918,-1,-1,-1,False,True,False,False
direwolf-github/ephemeral-ci-2a050408,-1,-1,-1,False,True,False,False
direwolf-github/ephemeral-ci-2a050a5e,-1,-1,-1,False,True,False,False
direwolf-github/ephemeral-ci-2a05163f,-1,-1,-1,False,True,False,False
direwolf-github/ephemeral-ci-2a0520ac,-1,-1,-1,False,True,False,False
direwolf-github/ephemeral-ci-2a05329d,-1,-1,-1,False,True,False,False
direwolf-github/ephemeral-ci-2a0537d5,-1,-1,-1,False,True,False,False
direwolf-github/ephemeral-ci-2a0539e9,-1,-1,-1,False,True,False,False
direwolf-github/ephemeral-ci-2a054f66,-1,-1,-1,False,True,False,False
direwolf-github/ephemeral-ci-2a055240,-1,-1,-1,False,True,False,False
direwolf-github/ephemeral-ci-2a055ce9,-1,-1,-1,False,True,False,False
direwolf-github/ephemeral-ci-2a056392,-1,-1,-1,False,True,False,False
direwolf-github/ephemeral-ci-2a056784,-1,-1,-1,False,True,False,False
direwolf-github/ephemeral-ci-2a0572a6,-1,-1,-1,False,True,False,False
direwolf-github/ephemeral-ci-2a057dcc,-1,-1,-1,False,True,False,False
direwolf-github/ephemeral-ci-2a058991,-1,-1,-1,False,True,False,False
direwolf-github/ephemeral-ci-2a058fd8,-1,-1,-1,False,True,False,False
direwolf-github/ephemeral-ci-2a0599c0,-1,-1,-1,False,True,False,False
direwolf-github/ephemeral-ci-2a05b37b,-1,-1,-1,False,True,False,False
direwolf-github/ephemeral-ci-2a05bf1f,-1,-1,-1,False,True,False,False
direwolf-github/ephemeral-ci-2a05cb4c,-1,-1,-1,False,True,False,False
direwolf-github/ephemeral-ci-2a05cfeb,-1,-1,-1,False,True,False,False
direwolf-github/ephemeral-ci-2a05e561,-1,-1,-1,False,True,False,False
direwolf-github/ephemeral-ci-2a05f38a,-1,-1,-1,False,True,False,False
direwolf-github/ephemeral-ci-2a060494,-1,-1,-1,False,True,False,False
direwolf-github/ephemeral-ci-2a0607d5,-1,-1,-1,False,True,False,False
direwolf-github/ephemeral-ci-2a0611c4,-1,-1,-1,False,True,False,False
direwolf-github/ephemeral-ci-2a0619c6,-1,-1,-1,False,True,False,False
direwolf-github/ephemeral-ci-2a0620df,-1,-1,-1,False,True,False,False
direwolf-github/ephemeral-ci-2a0640de,-1,-1,-1,False,True,False,False
direwolf-github/ephemeral-ci-2a06419a,-1,-1,-1,False,True,False,False
direwolf-github/ephemeral-ci-2a064738,-1,-1,-1,False,True,False,False
direwolf-github/ephemeral-ci-2a0648fb,-1,-1,-1,False,True,False,False
direwolf-github/ephemeral-ci-2a065060,-1,-1,-1,False,True,False,False
direwolf-github/ephemeral-ci-2a0652e6,-1,-1,-1,False,True,False,False
direwolf-github/ephemeral-ci-2a0656c3,-1,-1,-1,False,True,False,False
direwolf-github/ephemeral-ci-2a066c87,-1,-1,-1,False,True,False,False
direwolf-github/ephemeral-ci-2a06762c,-1,-1,-1,False,True,False,False
direwolf-github/ephemeral-ci-2a067646,-1,-1,-1,False,True,False,False
direwolf-github/ephemeral-ci-2a068005,-1,-1,-1,False,True,False,False
direwolf-github/ephemeral-ci-2a068383,-1,-1,-1,False,True,False,False
direwolf-github/ephemeral-ci-2a06845c,-1,-1,-1,False,True,False,False
direwolf-github/ephemeral-ci-2a068d16,-1,-1,-1,False,True,False,False
direwolf-github/ephemeral-ci-2a0693b7,-1,-1,-1,False,True,False,False
direwolf-github/ephemeral-ci-2a06a422,-1,-1,-1,False,True,False,False
direwolf-github/ephemeral-ci-2a06ac90,-1,-1,-1,False,True,False,False
direwolf-github/ephemeral-ci-2a06b20b,-1,-1,-1,False,True,False,False
direwolf-github/ephemeral-ci-2a06bd7b,-1,-1,-1,False,True,False,False
direwolf-github/ephemeral-ci-2a06c97c,-1,-1,-1,False,True,False,False
direwolf-github/ephemeral-ci-2a06d07b,-1,-1,-1,False,True,False,False
direwolf-github/ephemeral-ci-2a06d14f,-1,-1,-1,False,True,False,False
direwolf-github/ephemeral-ci-2a06e0cc,-1,-1,-1,False,True,False,False
direwolf-github/ephemeral-ci-2a06eafe,-1,-1,-1,False,True,False,False
direwolf-github/ephemeral-ci-2a06ee33,-1,-1,-1,False,True,False,False
direwolf-github/ephemeral-ci-2a070f53,-1,-1,-1,False,True,False,False
direwolf-github/ephemeral-ci-2a070f83,-1,-1,-1,False,True,False,False
direwolf-github/ephemeral-ci-2a072617,-1,-1,-1,False,True,False,False
direwolf-github/ephemeral-ci-2a073351,-1,-1,-1,False,True,False,False
direwolf-github/ephemeral-ci-2a0745e5,-1,-1,-1,False,True,False,False
direwolf-github/ephemeral-ci-2a075210,-1,-1,-1,False,True,False,False
direwolf-github/ephemeral-ci-2a075a99,-1,-1,-1,False,True,False,False
direwolf-github/ephemeral-ci-2a075e76,-1,-1,-1,False,True,False,False
direwolf-github/ephemeral-ci-2a0769bf,-1,-1,-1,False,True,False,False
direwolf-github/ephemeral-ci-2a077894,-1,-1,-1,False,True,False,False
direwolf-github/ephemeral-ci-2a0778ae,-1,-1,-1,False,True,False,False
direwolf-github/ephemeral-ci-2a078df0,-1,-1,-1,False,True,False,False
direwolf-github/ephemeral-ci-2a079066,-1,-1,-1,False,True,False,False
direwolf-github/ephemeral-ci-2a079e7d,-1,-1,-1,False,True,False,False
direwolf-github/ephemeral-ci-2a079e82,-1,-1,-1,False,True,False,False
direwolf-github/ephemeral-ci-2a079f15,-1,-1,-1,False,True,False,False
direwolf-github/ephemeral-ci-2a07a39b,-1,-1,-1,False,True,False,False
direwolf-github/ephemeral-ci-2a07a78f,-1,-1,-1,False,True,False,False
direwolf-github/ephemeral-ci-2a07ab97,-1,-1,-1,False,True,False,False
direwolf-github/ephemeral-ci-2a07ac5c,-1,-1,-1,False,True,False,False
direwolf-github/ephemeral-ci-2a07ad17,-1,-1,-1,False,True,False,False
direwolf-github/ephemeral-ci-2a07b58d,-1,-1,-1,False,True,False,False
direwolf-github/ephemeral-ci-2a07ba22,-1,-1,-1,False,True,False,False
direwolf-github/ephemeral-ci-2a07bf5a,-1,-1,-1,False,True,False,False
direwolf-github/ephemeral-ci-2a07c01d,-1,-1,-1,False,True,False,False
direwolf-github/ephemeral-ci-2a07c46e,-1,-1,-1,False,True,False,False
direwolf-github/ephemeral-ci-2a07c4ab,-1,-1,-1,False,True,False,False
direwolf-github/ephemeral-ci-2a07d27b,-1,-1,-1,False,True,False,False
direwolf-github/ephemeral-ci-2a07d5bf,-1,-1,-1,False,True,False,False
direwolf-github/ephemeral-ci-2a07d848,-1,-1,-1,False,True,False,False
direwolf-github/ephemeral-ci-2a07e44f,-1,-1,-1,False,True,False,False
direwolf-github/ephemeral-ci-2a07e702,-1,-1,-1,False,True,False,False
direwolf-github/ephemeral-ci-2a07f01e,-1,-1,-1,False,True,False,False
direwolf-github/ephemeral-ci-2a081103,-1,-1,-1,False,True,False,False
direwolf-github/ephemeral-ci-2a082398,-1,-1,-1,False,True,False,False
direwolf-github/ephemeral-ci-2a08264a,-1,-1,-1,False,True,False,False
direwolf-github/ephemeral-ci-2a082a6e,-1,-1,-1,False,True,False,False
direwolf-github/ephemeral-ci-2a083292,-1,-1,-1,False,True,False,False
direwolf-github/ephemeral-ci-2a08389e,-1,-1,-1,False,True,False,False
direwolf-github/ephemeral-ci-2a083d44,-1,-1,-1,False,True,False,False
direwolf-github/ephemeral-ci-2a083e59,-1,-1,-1,False,True,False,False
direwolf-github/ephemeral-ci-2a08522e,-1,-1,-1,False,True,False,False
direwolf-github/ephemeral-ci-2a08570d,-1,-1,-1,False,True,False,False
direwolf-github/ephemeral-ci-2a085e9a,-1,-1,-1,False,True,False,False
direwolf-github/ephemeral-ci-2a0864c6,-1,-1,-1,False,True,False,False
direwolf-github/ephemeral-ci-2a086ef8,-1,-1,-1,False,True,False,False
direwolf-github/ephemeral-ci-2a0871fb,-1,-1,-1,False,True,False,False
direwolf-github/ephemeral-ci-2a087853,-1,-1,-1,False,True,False,False
direwolf-github/ephemeral-ci-2a087ef9,-1,-1,-1,False,True,False,False
direwolf-github/ephemeral-ci-2a088268,-1,-1,-1,False,True,False,False
direwolf-github/ephemeral-ci-2a089978,-1,-1,-1,False,True,False,False
direwolf-github/ephemeral-ci-2a08b4b1,-1,-1,-1,False,True,False,False
direwolf-github/ephemeral-ci-2a08b4e3,-1,-1,-1,False,True,False,False
direwolf-github/ephemeral-ci-2a08cdd3,-1,-1,-1,False,True,False,False
direwolf-github/ephemeral-ci-2a08cf44,-1,-1,-1,False,True,False,False
direwolf-github/ephemeral-ci-2a08e3f8,-1,-1,-1,False,True,False,False
direwolf-github/ephemeral-ci-2a08e5dd,-1,-1,-1,False,True,False,False
direwolf-github/ephemeral-ci-2a08e8b2,-1,-1,-1,False,True,False,False
direwolf-github/ephemeral-ci-2a08ea41,-1,-1,-1,False,True,False,False
direwolf-github/ephemeral-ci-2a08ee99,-1,-1,-1,False,True,False,False
direwolf-github/ephemeral-ci-2a08f36b,-1,-1,-1,False,True,False,False
direwolf-github/ephemeral-ci-2a090af1,-1,-1,-1,False,True,False,False
direwolf-github/ephemeral-ci-2a0910b9,-1,-1,-1,False,True,False,False
direwolf-github/ephemeral-ci-2a091401,-1,-1,-1,False,True,False,False
direwolf-github/ephemeral-ci-2a092783,-1,-1,-1,False,True,False,False
direwolf-github/ephemeral-ci-2a092d62,-1,-1,-1,False,True,False,False
direwolf-github/ephemeral-ci-2a092d91,-1,-1,-1,False,True,False,False
direwolf-github/ephemeral-ci-2a09305d,-1,-1,-1,False,True,False,False
direwolf-github/ephemeral-ci-2a093371,-1,-1,-1,False,True,False,False
direwolf-github/ephemeral-ci-2a0936ef,-1,-1,-1,False,True,False,False
direwolf-github/ephemeral-ci-2a093dd9,-1,-1,-1,False,True,False,False
direwolf-github/ephemeral-ci-2a0942a1,-1,-1,-1,False,True,False,False
direwolf-github/ephemeral-ci-2a094fc4,-1,-1,-1,False,True,False,False
direwolf-github/ephemeral-ci-2a09519d,-1,-1,-1,False,True,False,False
direwolf-github/ephemeral-ci-2a09525c,-1,-1,-1,False,True,False,False
direwolf-github/ephemeral-ci-2a095a70,-1,-1,-1,False,True,False,False
direwolf-github/ephemeral-ci-2a096643,-1,-1,-1,False,True,False,False
direwolf-github/ephemeral-ci-2a096b77,-1,-1,-1,False,True,False,False
direwolf-github/ephemeral-ci-2a096f2f,-1,-1,-1,False,True,False,False
direwolf-github/ephemeral-ci-2a097631,-1,-1,-1,False,True,False,False
direwolf-github/ephemeral-ci-2a09851f,-1,-1,-1,False,True,False,False
direwolf-github/ephemeral-ci-2a099ccf,-1,-1,-1,False,True,False,False
direwolf-github/ephemeral-ci-2a09a315,-1,-1,-1,False,True,False,False
direwolf-github/ephemeral-ci-2a09befd,-1,-1,-1,False,True,False,False
direwolf-github/ephemeral-ci-2a09c7b8,-1,-1,-1,False,True,False,False
direwolf-github/ephemeral-ci-2a09cfb2,-1,-1,-1,False,True,False,False
direwolf-github/ephemeral-ci-2a09d297,-1,-1,-1,False,True,False,False
direwolf-github/ephemeral-ci-2a09da5e,-1,-1,-1,False,True,False,False
direwolf-github/ephemeral-ci-2a09ef70,-1,-1,-1,False,True,False,False
direwolf-github/ephemeral-ci-2a09f648,-1,-1,-1,False,True,False,False
direwolf-github/ephemeral-ci-2a09fb25,-1,-1,-1,False,True,False,False
direwolf-github/ephemeral-ci-2a09fd69,-1,-1,-1,False,True,False,False
direwolf-github/ephemeral-ci-2a09ff6d,-1,-1,-1,False,True,False,False
direwolf-github/ephemeral-ci-2a0a0794,-1,-1,-1,False,True,False,False
direwolf-github/ephemeral-ci-2a0a0982,-1,-1,-1,False,True,False,False
direwolf-github/ephemeral-ci-2a0a0dd0,-1,-1,-1,False,True,False,False
direwolf-github/ephemeral-ci-2a0a0e58,-1,-1,-1,False,True,False,False
direwolf-github/ephemeral-ci-2a0a0e98,-1,-1,-1,False,True,False,False
direwolf-github/ephemeral-ci-2a0a0ec0,-1,-1,-1,False,True,False,False
direwolf-github/ephemeral-ci-2a0a1b44,-1,-1,-1,False,True,False,False
direwolf-github/ephemeral-ci-2a0a231e,-1,-1,-1,False,True,False,False
direwolf-github/ephemeral-ci-2a0a2cec,-1,-1,-1,False,True,False,False
direwolf-github/ephemeral-ci-2a0a3702,-1,-1,-1,False,True,False,False
direwolf-github/ephemeral-ci-2a0a577e,-1,-1,-1,False,True,False,False
direwolf-github/ephemeral-ci-2a0a60d7,-1,-1,-1,False,True,False,False
direwolf-github/ephemeral-ci-2a0a7b0b,-1,-1,-1,False,True,False,False
direwolf-github/ephemeral-ci-2a0a8562,-1,-1,-1,False,True,False,False
direwolf-github/ephemeral-ci-2a0a86df,-1,-1,-1,False,True,False,False
direwolf-github/ephemeral-ci-2a0a887f,-1,-1,-1,False,True,False,False
direwolf-github/ephemeral-ci-2a0a8f79,-1,-1,-1,False,True,False,False
direwolf-github/ephemeral-ci-2a0a9eba,-1,-1,-1,False,True,False,False
direwolf-github/ephemeral-ci-2a0aa1bc,-1,-1,-1,False,True,False,False
direwolf-github/ephemeral-ci-2a0aae61,-1,-1,-1,False,True,False,False
direwolf-github/ephemeral-ci-2a0aaed2,-1,-1,-1,False,True,False,False
direwolf-github/ephemeral-ci-2a0aaf0b,-1,-1,-1,False,True,False,False
direwolf-github/ephemeral-ci-2a0ab3c4,-1,-1,-1,False,True,False,False
direwolf-github/ephemeral-ci-2a0ab7af,-1,-1,-1,False,True,False,False
direwolf-github/ephemeral-ci-2a0ac0f0,-1,-1,-1,False,True,False,False
direwolf-github/ephemeral-ci-2a0acb1b,-1,-1,-1,False,True,False,False
direwolf-github/ephemeral-ci-2a0ace9a,-1,-1,-1,False,True,False,False
direwolf-github/ephemeral-ci-2a0add79,-1,-1,-1,False,True,False,False
direwolf-github/ephemeral-ci-2a0ae0aa,-1,-1,-1,False,True,False,False
direwolf-github/ephemeral-ci-2a0ae73d,-1,-1,-1,False,True,False,False
direwolf-github/ephemeral-ci-2a0afbb8,-1,-1,-1,False,True,False,False
direwolf-github/ephemeral-ci-2a0b160f,-1,-1,-1,False,True,False,False
direwolf-github/ephemeral-ci-2a0b194b,-1,-1,-1,False,True,False,False
direwolf-github/ephemeral-ci-2a0b37d0,-1,-1,-1,False,True,False,False
direwolf-github/ephemeral-ci-2a0b4a92,-1,-1,-1,False,True,False,False
direwolf-github/ephemeral-ci-2a0b51d4,-1,-1,-1,False,True,False,False
direwolf-github/ephemeral-ci-2a0b6a48,-1,-1,-1,False,True,False,False
direwolf-github/ephemeral-ci-2a0b6b6f,-1,-1,-1,False,True,False,False
direwolf-github/ephemeral-ci-2a0b70c4,-1,-1,-1,False,True,False,False
direwolf-github/ephemeral-ci-2a0b7841,-1,-1,-1,False,True,False,False
direwolf-github/ephemeral-ci-2a0b858d,-1,-1,-1,False,True,False,False
direwolf-github/ephemeral-ci-2a0b85a2,-1,-1,-1,False,True,False,False
direwolf-github/ephemeral-ci-2a0b8902,-1,-1,-1,False,True,False,False
direwolf-github/ephemeral-ci-2a0ba824,-1,-1,-1,False,True,False,False
direwolf-github/ephemeral-ci-2a0bab7b,-1,-1,-1,False,True,False,False
direwolf-github/ephemeral-ci-2a0bacf1,-1,-1,-1,False,True,False,False
direwolf-github/ephemeral-ci-2a0bbdb6,-1,-1,-1,False,True,False,False
direwolf-github/ephemeral-ci-2a0bc183,-1,-1,-1,False,True,False,False
direwolf-github/ephemeral-ci-2a0bc2c5,-1,-1,-1,False,True,False,False
direwolf-github/ephemeral-ci-2a0bcac0,-1,-1,-1,False,True,False,False
direwolf-github/ephemeral-ci-2a0bd717,-1,-1,-1,False,True,False,False
direwolf-github/ephemeral-ci-2a0be76c,-1,-1,-1,False,True,False,False
direwolf-github/ephemeral-ci-2a0bf156,-1,-1,-1,False,True,False,False
direwolf-github/ephemeral-ci-2a0c17aa,-1,-1,-1,False,True,False,False
direwolf-github/ephemeral-ci-2a0c2bc3,-1,-1,-1,False,True,False,False
direwolf-github/ephemeral-ci-2a0c2fab,-1,-1,-1,False,True,False,False
direwolf-github/ephemeral-ci-2a0c3be3,-1,-1,-1,False,True,False,False
direwolf-github/ephemeral-ci-2a0c5cc8,-1,-1,-1,False,True,False,False
direwolf-github/ephemeral-ci-2a0c6af2,-1,-1,-1,False,True,False,False
direwolf-github/ephemeral-ci-2a0c7049,-1,-1,-1,False,True,False,False
direwolf-github/ephemeral-ci-2a0c711f,-1,-1,-1,False,True,False,False
direwolf-github/ephemeral-ci-2a0c7d38,-1,-1,-1,False,True,False,False
direwolf-github/ephemeral-ci-2a0c8626,-1,-1,-1,False,True,False,False
direwolf-github/ephemeral-ci-2a0c86aa,-1,-1,-1,False,True,False,False
direwolf-github/ephemeral-ci-2a0c9ae9,-1,-1,-1,False,True,False,False
direwolf-github/ephemeral-ci-2a0c9e15,-1,-1,-1,False,True,False,False
direwolf-github/ephemeral-ci-2a0ca4cf,-1,-1,-1,False,True,False,False
direwolf-github/ephemeral-ci-2a0cac29,-1,-1,-1,False,True,False,False
direwolf-github/ephemeral-ci-2a0caf84,-1,-1,-1,False,True,False,False
direwolf-github/ephemeral-ci-2a0cb60c,-1,-1,-1,False,True,False,False
direwolf-github/ephemeral-ci-2a0cd50b,-1,-1,-1,False,True,False,False
direwolf-github/ephemeral-ci-2a0cf2a8,-1,-1,-1,False,True,False,False
direwolf-github/ephemeral-ci-2a0cf33f,-1,-1,-1,False,True,False,False
direwolf-github/ephemeral-ci-2a0cf4ef,-1,-1,-1,False,True,False,False
direwolf-github/ephemeral-ci-2a0d04e6,-1,-1,-1,False,True,False,False
direwolf-github/ephemeral-ci-2a0d0c75,-1,-1,-1,False,True,False,False
direwolf-github/ephemeral-ci-2a0d1032,-1,-1,-1,False,True,False,False
direwolf-github/ephemeral-ci-2a0d2a62,-1,-1,-1,False,True,False,False
direwolf-github/ephemeral-ci-2a0d44af,-1,-1,-1,False,True,False,False
direwolf-github/ephemeral-ci-2a0d4ea0,-1,-1,-1,False,True,False,False
direwolf-github/ephemeral-ci-2a0d5096,-1,-1,-1,False,True,False,False
direwolf-github/ephemeral-ci-2a0d5398,-1,-1,-1,False,True,False,False
direwolf-github/ephemeral-ci-2a0d5900,-1,-1,-1,False,True,False,False
direwolf-github/ephemeral-ci-2a0d5ee1,-1,-1,-1,False,True,False,False
direwolf-github/ephemeral-ci-2a0d6ff4,-1,-1,-1,False,True,False,False
direwolf-github/ephemeral-ci-2a0d7d13,-1,-1,-1,False,True,False,False
direwolf-github/ephemeral-ci-2a0d7d6e,-1,-1,-1,False,True,False,False
direwolf-github/ephemeral-ci-2a0d88f1,-1,-1,-1,False,True,False,False
direwolf-github/ephemeral-ci-2a0d932c,-1,-1,-1,False,True,False,False
direwolf-github/ephemeral-ci-2a0d9ae0,-1,-1,-1,False,True,False,False
direwolf-github/ephemeral-ci-2a0da08a,-1,-1,-1,False,True,False,False
direwolf-github/ephemeral-ci-2a0da436,-1,-1,-1,False,True,False,False
direwolf-github/ephemeral-ci-2a0db05f,-1,-1,-1,False,True,False,False
direwolf-github/ephemeral-ci-2a0db854,-1,-1,-1,False,True,False,False
direwolf-github/ephemeral-ci-2a0dbf8a,-1,-1,-1,False,True,False,False
direwolf-github/ephemeral-ci-2a0dccce,-1,-1,-1,False,True,False,False
direwolf-github/ephemeral-ci-2a0dd012,-1,-1,-1,False,True,False,False
direwolf-github/ephemeral-ci-2a0dd7f8,-1,-1,-1,False,True,False,False
direwolf-github/ephemeral-ci-2a0dd9c1,-1,-1,-1,False,True,False,False
direwolf-github/ephemeral-ci-2a0dd9c6,-1,-1,-1,False,True,False,False
direwolf-github/ephemeral-ci-2a0de4dd,-1,-1,-1,False,True,False,False
direwolf-github/ephemeral-ci-2a0de7a4,-1,-1,-1,False,True,False,False
direwolf-github/ephemeral-ci-2a0de937,-1,-1,-1,False,True,False,False
direwolf-github/ephemeral-ci-2a0dec11,-1,-1,-1,False,True,False,False
direwolf-github/ephemeral-ci-2a0df052,-1,-1,-1,False,True,False,False
direwolf-github/ephemeral-ci-2a0df2ef,-1,-1,-1,False,True,False,False
direwolf-github/ephemeral-ci-2a0df93a,-1,-1,-1,False,True,False,False
direwolf-github/ephemeral-ci-2a0e02bd,-1,-1,-1,False,True,False,False
direwolf-github/ephemeral-ci-2a0e0ee9,-1,-1,-1,False,True,False,False
direwolf-github/ephemeral-ci-2a0e12c7,-1,-1,-1,False,True,False,False
direwolf-github/ephemeral-ci-2a0e194f,-1,-1,-1,False,True,False,False
direwolf-github/ephemeral-ci-2a0e1ad7,-1,-1,-1,False,True,False,False
direwolf-github/ephemeral-ci-2a0e2131,-1,-1,-1,False,True,False,False
direwolf-github/ephemeral-ci-2a0e27b4,-1,-1,-1,False,True,False,False
direwolf-github/ephemeral-ci-2a0e3793,-1,-1,-1,False,True,False,False
direwolf-github/ephemeral-ci-2a0e430f,-1,-1,-1,False,True,False,False
direwolf-github/ephemeral-ci-2a0e5df1,-1,-1,-1,False,True,False,False
direwolf-github/ephemeral-ci-2a0e6ee4,-1,-1,-1,False,True,False,False
direwolf-github/ephemeral-ci-2a0e84ab,-1,-1,-1,False,True,False,False
direwolf-github/ephemeral-ci-2a0e95db,-1,-1,-1,False,True,False,False
direwolf-github/ephemeral-ci-2a0e9b60,-1,-1,-1,False,True,False,False
direwolf-github/ephemeral-ci-2a0e9b85,-1,-1,-1,False,True,False,False
direwolf-github/ephemeral-ci-2a0eabab,-1,-1,-1,False,True,False,False
direwolf-github/ephemeral-ci-2a0eb988,-1,-1,-1,False,True,False,False
direwolf-github/ephemeral-ci-2a0eba26,-1,-1,-1,False,True,False,False
direwolf-github/ephemeral-ci-2a0ec17b,-1,-1,-1,False,True,False,False
direwolf-github/ephemeral-ci-2a0ec5c6,-1,-1,-1,False,True,False,False
direwolf-github/ephemeral-ci-2a0ec935,-1,-1,-1,False,True,False,False
direwolf-github/ephemeral-ci-2a0ed193,-1,-1,-1,False,True,False,False
direwolf-github/ephemeral-ci-2a0ed34f,-1,-1,-1,False,True,False,False
direwolf-github/ephemeral-ci-2a0ed5e9,-1,-1,-1,False,True,False,False
direwolf-github/ephemeral-ci-2a0ee2d6,-1,-1,-1,False,True,False,False
direwolf-github/ephemeral-ci-2a0eeb6f,-1,-1,-1,False,True,False,False
direwolf-github/ephemeral-ci-2a0ef450,-1,-1,-1,False,True,False,False
direwolf-github/ephemeral-ci-2a0efc39,-1,-1,-1,False,True,False,False
direwolf-github/ephemeral-ci-2a0efede,-1,-1,-1,False,True,False,False
direwolf-github/ephemeral-ci-2a0eff41,-1,-1,-1,False,True,False,False
direwolf-github/ephemeral-ci-2a0f0bae,-1,-1,-1,False,True,False,False
direwolf-github/ephemeral-ci-2a0f0e60,-1,-1,-1,False,True,False,False
direwolf-github/ephemeral-ci-2a0f13b5,-1,-1,-1,False,True,False,False
direwolf-github/ephemeral-ci-2a0f1b76,-1,-1,-1,False,True,False,False
direwolf-github/ephemeral-ci-2a0f24b5,-1,-1,-1,False,True,False,False
direwolf-github/ephemeral-ci-2a0f2547,-1,-1,-1,False,True,False,False
direwolf-github/ephemeral-ci-2a0f25a8,-1,-1,-1,False,True,False,False
direwolf-github/ephemeral-ci-2a0f3b02,-1,-1,-1,False,True,False,False
direwolf-github/ephemeral-ci-2a0f5513,-1,-1,-1,False,True,False,False
direwolf-github/ephemeral-ci-2a0f6a5d,-1,-1,-1,False,True,False,False
direwolf-github/ephemeral-ci-2a0f72dc,-1,-1,-1,False,True,False,False
direwolf-github/ephemeral-ci-2a0f8722,-1,-1,-1,False,True,False,False
direwolf-github/ephemeral-ci-2a0f8a08,-1,-1,-1,False,True,False,False
direwolf-github/ephemeral-ci-2a0f8b5a,-1,-1,-1,False,True,False,False
direwolf-github/ephemeral-ci-2a0f97d3,-1,-1,-1,False,True,False,False
direwolf-github/ephemeral-ci-2a0faa2f,-1,-1,-1,False,True,False,False
direwolf-github/ephemeral-ci-2a0fc062,-1,-1,-1,False,True,False,False
direwolf-github/ephemeral-ci-2a0fca21,-1,-1,-1,False,True,False,False
direwolf-github/ephemeral-ci-2a0fd29f,-1,-1,-1,False,True,False,False
direwolf-github/ephemeral-ci-2a0fd662,-1,-1,-1,False,True,False,False
direwolf-github/ephemeral-ci-2a0fdf42,-1,-1,-1,False,True,False,False
direwolf-github/ephemeral-ci-2a0ffd90,-1,-1,-1,False,True,False,False
direwolf-github/ephemeral-ci-2a1023e3,-1,-1,-1,False,True,False,False
direwolf-github/ephemeral-ci-2a1028ce,-1,-1,-1,False,True,False,False
direwolf-github/ephemeral-ci-2a10435a,-1,-1,-1,False,True,False,False
direwolf-github/ephemeral-ci-2a104753,-1,-1,-1,False,True,False,False
direwolf-github/ephemeral-ci-2a1047b9,-1,-1,-1,False,True,False,False
direwolf-github/ephemeral-ci-2a10490f,-1,-1,-1,False,True,False,False
direwolf-github/ephemeral-ci-2a104dda,-1,-1,-1,False,True,False,False
direwolf-github/ephemeral-ci-2a105083,-1,-1,-1,False,True,False,False
direwolf-github/ephemeral-ci-2a105346,-1,-1,-1,False,True,False,False
direwolf-github/ephemeral-ci-2a10573a,-1,-1,-1,False,True,False,False
direwolf-github/ephemeral-ci-2a106069,-1,-1,-1,False,True,False,False
direwolf-github/ephemeral-ci-2a1064a8,-1,-1,-1,False,True,False,False
direwolf-github/ephemeral-ci-2a1067c9,-1,-1,-1,False,True,False,False
direwolf-github/ephemeral-ci-2a109150,-1,-1,-1,False,True,False,False
direwolf-github/ephemeral-ci-2a10aa2d,-1,-1,-1,False,True,False,False
direwolf-github/ephemeral-ci-2a10ace8,-1,-1,-1,False,True,False,False
direwolf-github/ephemeral-ci-2a10bb43,-1,-1,-1,False,True,False,False
direwolf-github/ephemeral-ci-2a10c4fd,-1,-1,-1,False,True,False,False
direwolf-github/ephemeral-ci-2a10cef6,-1,-1,-1,False,True,False,False
direwolf-github/ephemeral-ci-2a10deaf,-1,-1,-1,False,True,False,False
direwolf-github/ephemeral-ci-2a10e837,-1,-1,-1,False,True,False,False
direwolf-github/ephemeral-ci-2a10ecde,-1,-1,-1,False,True,False,False
direwolf-github/ephemeral-ci-2a10edad,-1,-1,-1,False,True,False,False
direwolf-github/ephemeral-ci-2a10fe53,-1,-1,-1,False,True,False,False
direwolf-github/ephemeral-ci-2a10fe8a,-1,-1,-1,False,True,False,False
direwolf-github/ephemeral-ci-2a11024f,-1,-1,-1,False,True,False,False
direwolf-github/ephemeral-ci-2a110c97,-1,-1,-1,False,True,False,False
direwolf-github/ephemeral-ci-2a110dbd,-1,-1,-1,False,True,False,False
direwolf-github/ephemeral-ci-2a111136,-1,-1,-1,False,True,False,False
direwolf-github/ephemeral-ci-2a111271,-1,-1,-1,False,True,False,False
direwolf-github/ephemeral-ci-2a112441,-1,-1,-1,False,True,False,False
direwolf-github/ephemeral-ci-2a1129a0,-1,-1,-1,False,True,False,False
direwolf-github/ephemeral-ci-2a113b24,-1,-1,-1,False,True,False,False
direwolf-github/ephemeral-ci-2a114e0e,-1,-1,-1,False,True,False,False
direwolf-github/ephemeral-ci-2a1153c9,-1,-1,-1,False,True,False,False
direwolf-github/ephemeral-ci-2a117c5b,-1,-1,-1,False,True,False,False
direwolf-github/ephemeral-ci-2a117f60,-1,-1,-1,False,True,False,False
direwolf-github/ephemeral-ci-2a118630,-1,-1,-1,False,True,False,False
direwolf-github/ephemeral-ci-2a118ce5,-1,-1,-1,False,True,False,False
direwolf-github/ephemeral-ci-2a118ef0,-1,-1,-1,False,True,False,False
direwolf-github/ephemeral-ci-2a119454,-1,-1,-1,False,True,False,False
direwolf-github/ephemeral-ci-2a119b54,-1,-1,-1,False,True,False,False
direwolf-github/ephemeral-ci-2a11a094,-1,-1,-1,False,True,False,False
direwolf-github/ephemeral-ci-2a11cb34,-1,-1,-1,False,True,False,False
direwolf-github/ephemeral-ci-2a11d721,-1,-1,-1,False,True,False,False
direwolf-github/ephemeral-ci-2a11db3d,-1,-1,-1,False,True,False,False
direwolf-github/ephemeral-ci-2a11ec15,-1,-1,-1,False,True,False,False
direwolf-github/ephemeral-ci-2a11f835,-1,-1,-1,False,True,False,False
direwolf-github/ephemeral-ci-2a11f9b4,-1,-1,-1,False,True,False,False
direwolf-github/ephemeral-ci-2a11f9f2,-1,-1,-1,False,True,False,False
direwolf-github/ephemeral-ci-2a11fcc9,-1,-1,-1,False,True,False,False
direwolf-github/ephemeral-ci-2a120dea,-1,-1,-1,False,True,False,False
direwolf-github/ephemeral-ci-2a121aac,-1,-1,-1,False,True,False,False
direwolf-github/ephemeral-ci-2a122763,-1,-1,-1,False,True,False,False
direwolf-github/ephemeral-ci-2a1229d8,-1,-1,-1,False,True,False,False
direwolf-github/ephemeral-ci-2a122a4b,-1,-1,-1,False,True,False,False
direwolf-github/ephemeral-ci-2a122f6e,-1,-1,-1,False,True,False,False
direwolf-github/ephemeral-ci-2a1230fe,-1,-1,-1,False,True,False,False
direwolf-github/ephemeral-ci-2a123278,-1,-1,-1,False,True,False,False
direwolf-github/ephemeral-ci-2a1232a8,-1,-1,-1,False,True,False,False
direwolf-github/ephemeral-ci-2a123b5a,-1,-1,-1,False,True,False,False
direwolf-github/ephemeral-ci-2a123c42,-1,-1,-1,False,True,False,False
direwolf-github/ephemeral-ci-2a124046,-1,-1,-1,False,True,False,False
direwolf-github/ephemeral-ci-2a1247de,-1,-1,-1,False,True,False,False
direwolf-github/ephemeral-ci-2a1260fa,-1,-1,-1,False,True,False,False
direwolf-github/ephemeral-ci-2a1269e5,-1,-1,-1,False,True,False,False
direwolf-github/ephemeral-ci-2a128343,-1,-1,-1,False,True,False,False
direwolf-github/ephemeral-ci-2a12892d,-1,-1,-1,False,True,False,False
direwolf-github/ephemeral-ci-2a129734,-1,-1,-1,False,True,False,False
direwolf-github/ephemeral-ci-2a12abff,-1,-1,-1,False,True,False,False
direwolf-github/ephemeral-ci-2a12adfe,-1,-1,-1,False,True,False,False
direwolf-github/ephemeral-ci-2a12b562,-1,-1,-1,False,True,False,False
direwolf-github/ephemeral-ci-2a12bd94,-1,-1,-1,False,True,False,False
direwolf-github/ephemeral-ci-2a12c75c,-1,-1,-1,False,True,False,False
direwolf-github/ephemeral-ci-2a12e0de,-1,-1,-1,False,True,False,False
direwolf-github/ephemeral-ci-2a12e2f8,-1,-1,-1,False,True,False,False
direwolf-github/ephemeral-ci-2a12e52d,-1,-1,-1,False,True,False,False
direwolf-github/ephemeral-ci-2a12ecc1,-1,-1,-1,False,True,False,False
direwolf-github/ephemeral-ci-2a12f633,-1,-1,-1,False,True,False,False
direwolf-github/ephemeral-ci-2a13004e,-1,-1,-1,False,True,False,False
direwolf-github/ephemeral-ci-2a13006a,-1,-1,-1,False,True,False,False
direwolf-github/ephemeral-ci-2a130491,-1,-1,-1,False,True,False,False
direwolf-github/ephemeral-ci-2a1310f5,-1,-1,-1,False,True,False,False
direwolf-github/ephemeral-ci-2a132aa9,-1,-1,-1,False,True,False,False
direwolf-github/ephemeral-ci-2a132fcf,-1,-1,-1,False,True,False,False
direwolf-github/ephemeral-ci-2a1347f4,-1,-1,-1,False,True,False,False
direwolf-github/ephemeral-ci-2a1351c4,-1,-1,-1,False,True,False,False
direwolf-github/ephemeral-ci-2a1358c4,-1,-1,-1,False,True,False,False
direwolf-github/ephemeral-ci-2a1370a3,-1,-1,-1,False,True,False,False
direwolf-github/ephemeral-ci-2a1378de,-1,-1,-1,False,True,False,False
direwolf-github/ephemeral-ci-2a138571,-1,-1,-1,False,True,False,False
direwolf-github/ephemeral-ci-2a13916b,-1,-1,-1,False,True,False,False
direwolf-github/ephemeral-ci-2a13993a,-1,-1,-1,False,True,False,False
direwolf-github/ephemeral-ci-2a13a569,-1,-1,-1,False,True,False,False
direwolf-github/ephemeral-ci-2a13a9e2,-1,-1,-1,False,True,False,False
direwolf-github/ephemeral-ci-2a13c892,-1,-1,-1,False,True,False,False
direwolf-github/ephemeral-ci-2a13cef4,-1,-1,-1,False,True,False,False
direwolf-github/ephemeral-ci-2a13d51e,-1,-1,-1,False,True,False,False
direwolf-github/ephemeral-ci-2a13d8ab,-1,-1,-1,False,True,False,False
direwolf-github/ephemeral-ci-2a13dbfd,-1,-1,-1,False,True,False,False
direwolf-github/ephemeral-ci-2a13eee2,-1,-1,-1,False,True,False,False
direwolf-github/ephemeral-ci-2a140176,-1,-1,-1,False,True,False,False
direwolf-github/ephemeral-ci-2a142386,-1,-1,-1,False,True,False,False
direwolf-github/ephemeral-ci-2a1423d6,-1,-1,-1,False,True,False,False
direwolf-github/ephemeral-ci-2a142bf3,-1,-1,-1,False,True,False,False
direwolf-github/ephemeral-ci-2a144180,-1,-1,-1,False,True,False,False
direwolf-github/ephemeral-ci-2a1445ab,-1,-1,-1,False,True,False,False
direwolf-github/ephemeral-ci-2a14468d,-1,-1,-1,False,True,False,False
direwolf-github/ephemeral-ci-2a145f94,-1,-1,-1,False,True,False,False
direwolf-github/ephemeral-ci-2a146397,-1,-1,-1,False,True,False,False
direwolf-github/ephemeral-ci-2a147fd4,-1,-1,-1,False,True,False,False
direwolf-github/ephemeral-ci-2a148208,-1,-1,-1,False,True,False,False
direwolf-github/ephemeral-ci-2a148986,-1,-1,-1,False,True,False,False
direwolf-github/ephemeral-ci-2a148ad9,-1,-1,-1,False,True,False,False
direwolf-github/ephemeral-ci-2a1497d2,-1,-1,-1,False,True,False,False
direwolf-github/ephemeral-ci-2a149a35,-1,-1,-1,False,True,False,False
direwolf-github/ephemeral-ci-2a149ebd,-1,-1,-1,False,True,False,False
direwolf-github/ephemeral-ci-2a14b3fc,-1,-1,-1,False,True,False,False
direwolf-github/ephemeral-ci-2a14bf1a,-1,-1,-1,False,True,False,False
direwolf-github/ephemeral-ci-2a14cf13,-1,-1,-1,False,True,False,False
direwolf-github/ephemeral-ci-2a14e5ae,-1,-1,-1,False,True,False,False
direwolf-github/ephemeral-ci-2a150cc3,-1,-1,-1,False,True,False,False
direwolf-github/ephemeral-ci-2a151669,-1,-1,-1,False,True,False,False
direwolf-github/ephemeral-ci-2a151da2,-1,-1,-1,False,True,False,False
direwolf-github/ephemeral-ci-2a151ea7,-1,-1,-1,False,True,False,False
direwolf-github/ephemeral-ci-2a1528e1,-1,-1,-1,False,True,False,False
direwolf-github/ephemeral-ci-2a153326,-1,-1,-1,False,True,False,False
direwolf-github/ephemeral-ci-2a153cbe,-1,-1,-1,False,True,False,False
direwolf-github/ephemeral-ci-2a154573,-1,-1,-1,False,True,False,False
direwolf-github/ephemeral-ci-2a1547f4,-1,-1,-1,False,True,False,False
direwolf-github/ephemeral-ci-2a154888,-1,-1,-1,False,True,False,False
direwolf-github/ephemeral-ci-2a154a3a,-1,-1,-1,False,True,False,False
direwolf-github/ephemeral-ci-2a155e10,-1,-1,-1,False,True,False,False
direwolf-github/ephemeral-ci-2a15609e,-1,-1,-1,False,True,False,False
direwolf-github/ephemeral-ci-2a156af3,-1,-1,-1,False,True,False,False
direwolf-github/ephemeral-ci-2a156dc6,-1,-1,-1,False,True,False,False
direwolf-github/ephemeral-ci-2a157532,-1,-1,-1,False,True,False,False
direwolf-github/ephemeral-ci-2a158879,-1,-1,-1,False,True,False,False
direwolf-github/ephemeral-ci-2a158f01,-1,-1,-1,False,True,False,False
direwolf-github/ephemeral-ci-2a1599e9,-1,-1,-1,False,True,False,False
direwolf-github/ephemeral-ci-2a1599fc,-1,-1,-1,False,True,False,False
direwolf-github/ephemeral-ci-2a15b1ee,-1,-1,-1,False,True,False,False
direwolf-github/ephemeral-ci-2a15b40f,-1,-1,-1,False,True,False,False
direwolf-github/ephemeral-ci-2a15b5bf,-1,-1,-1,False,True,False,False
direwolf-github/ephemeral-ci-2a15fa85,-1,-1,-1,False,True,False,False
direwolf-github/ephemeral-ci-2a160c15,-1,-1,-1,False,True,False,False
direwolf-github/ephemeral-ci-2a1626b5,-1,-1,-1,False,True,False,False
direwolf-github/ephemeral-ci-2a163347,-1,-1,-1,False,True,False,False
direwolf-github/ephemeral-ci-2a163eb6,-1,-1,-1,False,True,False,False
direwolf-github/ephemeral-ci-2a16431e,-1,-1,-1,False,True,False,False
direwolf-github/ephemeral-ci-2a165da6,-1,-1,-1,False,True,False,False
direwolf-github/ephemeral-ci-2a165fa7,-1,-1,-1,False,True,False,False
direwolf-github/ephemeral-ci-2a165fce,-1,-1,-1,False,True,False,False
direwolf-github/ephemeral-ci-2a166091,-1,-1,-1,False,True,False,False
direwolf-github/ephemeral-ci-2a1662eb,-1,-1,-1,False,True,False,False
direwolf-github/ephemeral-ci-2a166c6a,-1,-1,-1,False,True,False,False
direwolf-github/ephemeral-ci-2a166d16,-1,-1,-1,False,True,False,False
direwolf-github/ephemeral-ci-2a167df1,-1,-1,-1,False,True,False,False
direwolf-github/ephemeral-ci-2a168737,-1,-1,-1,False,True,False,False
direwolf-github/ephemeral-ci-2a16873b,-1,-1,-1,False,True,False,False
direwolf-github/ephemeral-ci-2a168ce3,-1,-1,-1,False,True,False,False
direwolf-github/ephemeral-ci-2a169295,-1,-1,-1,False,True,False,False
direwolf-github/ephemeral-ci-2a169a3d,-1,-1,-1,False,True,False,False
direwolf-github/ephemeral-ci-2a16a1de,-1,-1,-1,False,True,False,False
direwolf-github/ephemeral-ci-2a16a28c,-1,-1,-1,False,True,False,False
direwolf-github/ephemeral-ci-2a16b1b8,-1,-1,-1,False,True,False,False
direwolf-github/ephemeral-ci-2a16b5ae,-1,-1,-1,False,True,False,False
direwolf-github/ephemeral-ci-2a16b6f7,-1,-1,-1,False,True,False,False
direwolf-github/ephemeral-ci-2a16bc2a,-1,-1,-1,False,True,False,False
direwolf-github/ephemeral-ci-2a16c57b,-1,-1,-1,False,True,False,False
direwolf-github/ephemeral-ci-2a16dbd4,-1,-1,-1,False,True,False,False
direwolf-github/ephemeral-ci-2a16e30f,-1,-1,-1,False,True,False,False
direwolf-github/ephemeral-ci-2a16ee38,-1,-1,-1,False,True,False,False
direwolf-github/ephemeral-ci-2a16f43a,-1,-1,-1,False,True,False,False
direwolf-github/ephemeral-ci-2a16f911,-1,-1,-1,False,True,False,False
direwolf-github/ephemeral-ci-2a16fc6a,-1,-1,-1,False,True,False,False
direwolf-github/ephemeral-ci-2a170174,-1,-1,-1,False,True,False,False
direwolf-github/ephemeral-ci-2a170505,-1,-1,-1,False,True,False,False
direwolf-github/ephemeral-ci-2a170825,-1,-1,-1,False,True,False,False
direwolf-github/ephemeral-ci-2a17139a,-1,-1,-1,False,True,False,False
direwolf-github/ephemeral-ci-2a171501,-1,-1,-1,False,True,False,False
direwolf-github/ephemeral-ci-2a171613,-1,-1,-1,False,True,False,False
direwolf-github/ephemeral-ci-2a1716b8,-1,-1,-1,False,True,False,False
direwolf-github/ephemeral-ci-2a171d2a,-1,-1,-1,False,True,False,False
direwolf-github/ephemeral-ci-2a172a83,-1,-1,-1,False,True,False,False
direwolf-github/ephemeral-ci-2a173095,-1,-1,-1,False,True,False,False
direwolf-github/ephemeral-ci-2a173299,-1,-1,-1,False,True,False,False
direwolf-github/ephemeral-ci-2a175115,-1,-1,-1,False,True,False,False
direwolf-github/ephemeral-ci-2a17597a,-1,-1,-1,False,True,False,False
direwolf-github/ephemeral-ci-2a176e3d,-1,-1,-1,False,True,False,False
direwolf-github/ephemeral-ci-2a1770d5,-1,-1,-1,False,True,False,False
direwolf-github/ephemeral-ci-2a177d4f,-1,-1,-1,False,True,False,False
direwolf-github/ephemeral-ci-2a178104,-1,-1,-1,False,True,False,False
direwolf-github/ephemeral-ci-2a178e7d,-1,-1,-1,False,True,False,False
direwolf-github/ephemeral-ci-2a179553,-1,-1,-1,False,True,False,False
direwolf-github/ephemeral-ci-2a179912,-1,-1,-1,False,True,False,False
direwolf-github/ephemeral-ci-2a179b4a,-1,-1,-1,False,True,False,False
direwolf-github/ephemeral-ci-2a17a680,-1,-1,-1,False,True,False,False
direwolf-github/ephemeral-ci-2a17a79f,-1,-1,-1,False,True,False,False
direwolf-github/ephemeral-ci-2a17ad09,-1,-1,-1,False,True,False,False
direwolf-github/ephemeral-ci-2a17ae8d,-1,-1,-1,False,True,False,False
direwolf-github/ephemeral-ci-2a17b9e9,-1,-1,-1,False,True,False,False
direwolf-github/ephemeral-ci-2a17bf6a,-1,-1,-1,False,True,False,False
direwolf-github/ephemeral-ci-2a17bf9e,-1,-1,-1,False,True,False,False
direwolf-github/ephemeral-ci-2a17c667,-1,-1,-1,False,True,False,False
direwolf-github/ephemeral-ci-2a17e82c,-1,-1,-1,False,True,False,False
direwolf-github/ephemeral-ci-2a17eba5,-1,-1,-1,False,True,False,False
direwolf-github/ephemeral-ci-2a180054,-1,-1,-1,False,True,False,False
direwolf-github/ephemeral-ci-2a180945,-1,-1,-1,False,True,False,False
direwolf-github/ephemeral-ci-2a180b07,-1,-1,-1,False,True,False,False
direwolf-github/ephemeral-ci-2a181c4f,-1,-1,-1,False,True,False,False
direwolf-github/ephemeral-ci-2a181d5c,-1,-1,-1,False,True,False,False
direwolf-github/ephemeral-ci-2a18466f,-1,-1,-1,False,True,False,False
direwolf-github/ephemeral-ci-2a18546a,-1,-1,-1,False,True,False,False
direwolf-github/ephemeral-ci-2a1857e5,-1,-1,-1,False,True,False,False
direwolf-github/ephemeral-ci-2a185909,-1,-1,-1,False,True,False,False
direwolf-github/ephemeral-ci-2a18631d,-1,-1,-1,False,True,False,False
direwolf-github/ephemeral-ci-2a186866,-1,-1,-1,False,True,False,False
direwolf-github/ephemeral-ci-2a186bb2,-1,-1,-1,False,True,False,False
direwolf-github/ephemeral-ci-2a186bbf,-1,-1,-1,False,True,False,False
direwolf-github/ephemeral-ci-2a186f7c,-1,-1,-1,False,True,False,False
direwolf-github/ephemeral-ci-2a187de7,-1,-1,-1,False,True,False,False
direwolf-github/ephemeral-ci-2a188fa0,-1,-1,-1,False,True,False,False
direwolf-github/ephemeral-ci-2a18a37b,-1,-1,-1,False,True,False,False
direwolf-github/ephemeral-ci-2a18a639,-1,-1,-1,False,True,False,False
direwolf-github/ephemeral-ci-2a18a74f,-1,-1,-1,False,True,False,False
direwolf-github/ephemeral-ci-2a18acde,-1,-1,-1,False,True,False,False
direwolf-github/ephemeral-ci-2a18b27e,-1,-1,-1,False,True,False,False
direwolf-github/ephemeral-ci-2a18b419,-1,-1,-1,False,True,False,False
direwolf-github/ephemeral-ci-2a18b4ee,-1,-1,-1,False,True,False,False
direwolf-github/ephemeral-ci-2a18c755,-1,-1,-1,False,True,False,False
direwolf-github/ephemeral-ci-2a18c761,-1,-1,-1,False,True,False,False
direwolf-github/ephemeral-ci-2a18c86f,-1,-1,-1,False,True,False,False
direwolf-github/ephemeral-ci-2a18e3e9,-1,-1,-1,False,True,False,False
direwolf-github/ephemeral-ci-2a18f177,-1,-1,-1,False,True,False,False
direwolf-github/ephemeral-ci-2a18f319,-1,-1,-1,False,True,False,False
direwolf-github/ephemeral-ci-2a18fd09,-1,-1,-1,False,True,False,False
direwolf-github/ephemeral-ci-2a19046f,-1,-1,-1,False,True,False,False
direwolf-github/ephemeral-ci-2a190ac4,-1,-1,-1,False,True,False,False
direwolf-github/ephemeral-ci-2a19189b,-1,-1,-1,False,True,False,False
direwolf-github/ephemeral-ci-2a192d7b,-1,-1,-1,False,True,False,False
direwolf-github/ephemeral-ci-2a193838,-1,-1,-1,False,True,False,False
direwolf-github/ephemeral-ci-2a193c4c,-1,-1,-1,False,True,False,False
direwolf-github/ephemeral-ci-2a1940e0,-1,-1,-1,False,True,False,False
direwolf-github/ephemeral-ci-2a1944ca,-1,-1,-1,False,True,False,False
direwolf-github/ephemeral-ci-2a195b89,-1,-1,-1,False,True,False,False
direwolf-github/ephemeral-ci-2a195bad,-1,-1,-1,False,True,False,False
direwolf-github/ephemeral-ci-2a196152,-1,-1,-1,False,True,False,False
direwolf-github/ephemeral-ci-2a196605,-1,-1,-1,False,True,False,False
direwolf-github/ephemeral-ci-2a19696e,-1,-1,-1,False,True,False,False
direwolf-github/ephemeral-ci-2a1971d3,-1,-1,-1,False,True,False,False
direwolf-github/ephemeral-ci-2a1980f8,-1,-1,-1,False,True,False,False
direwolf-github/ephemeral-ci-2a19a318,-1,-1,-1,False,True,False,False
direwolf-github/ephemeral-ci-2a19a779,-1,-1,-1,False,True,False,False
direwolf-github/ephemeral-ci-2a19ad94,-1,-1,-1,False,True,False,False
direwolf-github/ephemeral-ci-2a19b372,-1,-1,-1,False,True,False,False
direwolf-github/ephemeral-ci-2a19bd38,-1,-1,-1,False,True,False,False
direwolf-github/ephemeral-ci-2a19bf2b,-1,-1,-1,False,True,False,False
direwolf-github/ephemeral-ci-2a19c318,-1,-1,-1,False,True,False,False
direwolf-github/ephemeral-ci-2a19c679,-1,-1,-1,False,True,False,False
direwolf-github/ephemeral-ci-2a19d012,-1,-1,-1,False,True,False,False
direwolf-github/ephemeral-ci-2a19d17a,-1,-1,-1,False,True,False,False
direwolf-github/ephemeral-ci-2a19d7a0,-1,-1,-1,False,True,False,False
direwolf-github/ephemeral-ci-2a19db57,-1,-1,-1,False,True,False,False
direwolf-github/ephemeral-ci-2a19dc64,-1,-1,-1,False,True,False,False
direwolf-github/ephemeral-ci-2a19df92,-1,-1,-1,False,True,False,False
direwolf-github/ephemeral-ci-2a19e174,-1,-1,-1,False,True,False,False
direwolf-github/ephemeral-ci-2a19e876,-1,-1,-1,False,True,False,False
direwolf-github/ephemeral-ci-2a19eaac,-1,-1,-1,False,True,False,False
direwolf-github/ephemeral-ci-2a19f1dc,-1,-1,-1,False,True,False,False
direwolf-github/ephemeral-ci-2a1a0330,-1,-1,-1,False,True,False,False
direwolf-github/ephemeral-ci-2a1a03ff,-1,-1,-1,False,True,False,False
direwolf-github/ephemeral-ci-2a1a0414,-1,-1,-1,False,True,False,False
direwolf-github/ephemeral-ci-2a1a0709,-1,-1,-1,False,True,False,False
direwolf-github/ephemeral-ci-2a1a0e59,-1,-1,-1,False,True,False,False
direwolf-github/ephemeral-ci-2a1a14d4,-1,-1,-1,False,True,False,False
direwolf-github/ephemeral-ci-2a1a18b5,-1,-1,-1,False,True,False,False
direwolf-github/ephemeral-ci-2a1a1ec8,-1,-1,-1,False,True,False,False
direwolf-github/ephemeral-ci-2a1a2277,-1,-1,-1,False,True,False,False
direwolf-github/ephemeral-ci-2a1a2381,-1,-1,-1,False,True,False,False
direwolf-github/ephemeral-ci-2a1a25e0,-1,-1,-1,False,True,False,False
direwolf-github/ephemeral-ci-2a1a27a3,-1,-1,-1,False,True,False,False
direwolf-github/ephemeral-ci-2a1a2c6e,-1,-1,-1,False,True,False,False
direwolf-github/ephemeral-ci-2a1a46d9,-1,-1,-1,False,True,False,False
direwolf-github/ephemeral-ci-2a1a52b0,-1,-1,-1,False,True,False,False
direwolf-github/ephemeral-ci-2a1a59a1,-1,-1,-1,False,True,False,False
direwolf-github/ephemeral-ci-2a1a5dab,-1,-1,-1,False,True,False,False
direwolf-github/ephemeral-ci-2a1a5e1a,-1,-1,-1,False,True,False,False
direwolf-github/ephemeral-ci-2a1a5fdf,-1,-1,-1,False,True,False,False
direwolf-github/ephemeral-ci-2a1a63ed,-1,-1,-1,False,True,False,False
direwolf-github/ephemeral-ci-2a1a645d,-1,-1,-1,False,True,False,False
direwolf-github/ephemeral-ci-2a1a69cf,-1,-1,-1,False,True,False,False
direwolf-github/ephemeral-ci-2a1a754c,-1,-1,-1,False,True,False,False
direwolf-github/ephemeral-ci-2a1a7f6b,-1,-1,-1,False,True,False,False
direwolf-github/ephemeral-ci-2a1a8647,-1,-1,-1,False,True,False,False
direwolf-github/ephemeral-ci-2a1a8a12,-1,-1,-1,False,True,False,False
direwolf-github/ephemeral-ci-2a1aa352,-1,-1,-1,False,True,False,False
direwolf-github/ephemeral-ci-2a1ab40d,-1,-1,-1,False,True,False,False
direwolf-github/ephemeral-ci-2a1ab6b0,-1,-1,-1,False,True,False,False
direwolf-github/ephemeral-ci-2a1ac396,-1,-1,-1,False,True,False,False
direwolf-github/ephemeral-ci-2a1ac82b,-1,-1,-1,False,True,False,False
direwolf-github/ephemeral-ci-2a1acb41,-1,-1,-1,False,True,False,False
direwolf-github/ephemeral-ci-2a1acfb7,-1,-1,-1,False,True,False,False
direwolf-github/ephemeral-ci-2a1ada5c,-1,-1,-1,False,True,False,False
direwolf-github/ephemeral-ci-2a1ae819,-1,-1,-1,False,True,False,False
direwolf-github/ephemeral-ci-2a1afe19,-1,-1,-1,False,True,False,False
direwolf-github/ephemeral-ci-2a1b00cc,-1,-1,-1,False,True,False,False
direwolf-github/ephemeral-ci-2a1b0272,-1,-1,-1,False,True,False,False
direwolf-github/ephemeral-ci-2a1b036a,-1,-1,-1,False,True,False,False
direwolf-github/ephemeral-ci-2a1b0d24,-1,-1,-1,False,True,False,False
direwolf-github/ephemeral-ci-2a1b1682,-1,-1,-1,False,True,False,False
direwolf-github/ephemeral-ci-2a1b1786,-1,-1,-1,False,True,False,False
direwolf-github/ephemeral-ci-2a1b1d16,-1,-1,-1,False,True,False,False
direwolf-github/ephemeral-ci-2a1b4148,-1,-1,-1,False,True,False,False
direwolf-github/ephemeral-ci-2a1b587b,-1,-1,-1,False,True,False,False
direwolf-github/ephemeral-ci-2a1b59e2,-1,-1,-1,False,True,False,False
direwolf-github/ephemeral-ci-2a1b61e8,-1,-1,-1,False,True,False,False
direwolf-github/ephemeral-ci-2a1b64c8,-1,-1,-1,False,True,False,False
direwolf-github/ephemeral-ci-2a1b6539,-1,-1,-1,False,True,False,False
direwolf-github/ephemeral-ci-2a1b6ad0,-1,-1,-1,False,True,False,False
direwolf-github/ephemeral-ci-2a1b6b87,-1,-1,-1,False,True,False,False
direwolf-github/ephemeral-ci-2a1b6c4b,-1,-1,-1,False,True,False,False
direwolf-github/ephemeral-ci-2a1b73d9,-1,-1,-1,False,True,False,False
direwolf-github/ephemeral-ci-2a1b79d5,-1,-1,-1,False,True,False,False
direwolf-github/ephemeral-ci-2a1b7af1,-1,-1,-1,False,True,False,False
direwolf-github/ephemeral-ci-2a1b7ce7,-1,-1,-1,False,True,False,False
direwolf-github/ephemeral-ci-2a1b9234,-1,-1,-1,False,True,False,False
direwolf-github/ephemeral-ci-2a1ba066,-1,-1,-1,False,True,False,False
direwolf-github/ephemeral-ci-2a1bb769,-1,-1,-1,False,True,False,False
direwolf-github/ephemeral-ci-2a1bbbbe,-1,-1,-1,False,True,False,False
direwolf-github/ephemeral-ci-2a1bc294,-1,-1,-1,False,True,False,False
direwolf-github/ephemeral-ci-2a1bc5d1,-1,-1,-1,False,True,False,False
direwolf-github/ephemeral-ci-2a1bcc10,-1,-1,-1,False,True,False,False
direwolf-github/ephemeral-ci-2a1bcd07,-1,-1,-1,False,True,False,False
direwolf-github/ephemeral-ci-2a1bd316,-1,-1,-1,False,True,False,False
direwolf-github/ephemeral-ci-2a1be55f,-1,-1,-1,False,True,False,False
direwolf-github/ephemeral-ci-2a1bf753,-1,-1,-1,False,True,False,False
direwolf-github/ephemeral-ci-2a1c0839,-1,-1,-1,False,True,False,False
direwolf-github/ephemeral-ci-2a1c0bbc,-1,-1,-1,False,True,False,False
direwolf-github/ephemeral-ci-2a1c0bc4,-1,-1,-1,False,True,False,False
direwolf-github/ephemeral-ci-2a1c2d61,-1,-1,-1,False,True,False,False
direwolf-github/ephemeral-ci-2a1c2eea,-1,-1,-1,False,True,False,False
direwolf-github/ephemeral-ci-2a1c30b0,-1,-1,-1,False,True,False,False
direwolf-github/ephemeral-ci-2a1c3253,-1,-1,-1,False,True,False,False
direwolf-github/ephemeral-ci-2a1c3407,-1,-1,-1,False,True,False,False
direwolf-github/ephemeral-ci-2a1c3c22,-1,-1,-1,False,True,False,False
direwolf-github/ephemeral-ci-2a1c3ce0,-1,-1,-1,False,True,False,False
direwolf-github/ephemeral-ci-2a1c4561,-1,-1,-1,False,True,False,False
direwolf-github/ephemeral-ci-2a1c5cec,-1,-1,-1,False,True,False,False
direwolf-github/ephemeral-ci-2a1c6be1,-1,-1,-1,False,True,False,False
direwolf-github/ephemeral-ci-2a1c7c03,-1,-1,-1,False,True,False,False
direwolf-github/ephemeral-ci-2a1c9174,-1,-1,-1,False,True,False,False
direwolf-github/ephemeral-ci-2a1c947c,-1,-1,-1,False,True,False,False
direwolf-github/ephemeral-ci-2a1ca033,-1,-1,-1,False,True,False,False
direwolf-github/ephemeral-ci-2a1ca396,-1,-1,-1,False,True,False,False
direwolf-github/ephemeral-ci-2a1cadee,-1,-1,-1,False,True,False,False
direwolf-github/ephemeral-ci-2a1cb490,-1,-1,-1,False,True,False,False
direwolf-github/ephemeral-ci-2a1cb719,-1,-1,-1,False,True,False,False
direwolf-github/ephemeral-ci-2a1cc381,-1,-1,-1,False,True,False,False
direwolf-github/ephemeral-ci-2a1cd25e,-1,-1,-1,False,True,False,False
direwolf-github/ephemeral-ci-2a1cd54b,-1,-1,-1,False,True,False,False
direwolf-github/ephemeral-ci-2a1ce831,-1,-1,-1,False,True,False,False
direwolf-github/ephemeral-ci-2a1ce937,-1,-1,-1,False,True,False,False
direwolf-github/ephemeral-ci-2a1cebdf,-1,-1,-1,False,True,False,False
direwolf-github/ephemeral-ci-2a1ced98,-1,-1,-1,False,True,False,False
direwolf-github/ephemeral-ci-2a1d0d6d,-1,-1,-1,False,True,False,False
direwolf-github/ephemeral-ci-2a1d4304,-1,-1,-1,False,True,False,False
direwolf-github/ephemeral-ci-2a1d4a53,-1,-1,-1,False,True,False,False
direwolf-github/ephemeral-ci-2a1d5028,-1,-1,-1,False,True,False,False
direwolf-github/ephemeral-ci-2a1d5109,-1,-1,-1,False,True,False,False
direwolf-github/ephemeral-ci-2a1d5152,-1,-1,-1,False,True,False,False
direwolf-github/ephemeral-ci-2a1d57dc,-1,-1,-1,False,True,False,False
direwolf-github/ephemeral-ci-2a1d5aff,-1,-1,-1,False,True,False,False
direwolf-github/ephemeral-ci-2a1d67f9,-1,-1,-1,False,True,False,False
direwolf-github/ephemeral-ci-2a1d68ad,-1,-1,-1,False,True,False,False
direwolf-github/ephemeral-ci-2a1d69b5,-1,-1,-1,False,True,False,False
direwolf-github/ephemeral-ci-2a1d6bd2,-1,-1,-1,False,True,False,False
direwolf-github/ephemeral-ci-2a1d6c0a,-1,-1,-1,False,True,False,False
direwolf-github/ephemeral-ci-2a1d781c,-1,-1,-1,False,True,False,False
direwolf-github/ephemeral-ci-2a1d9625,-1,-1,-1,False,True,False,False
direwolf-github/ephemeral-ci-2a1da285,-1,-1,-1,False,True,False,False
direwolf-github/ephemeral-ci-2a1da955,-1,-1,-1,False,True,False,False
direwolf-github/ephemeral-ci-2a1dc931,-1,-1,-1,False,True,False,False
direwolf-github/ephemeral-ci-2a1dcb6e,-1,-1,-1,False,True,False,False
direwolf-github/ephemeral-ci-2a1dd34f,-1,-1,-1,False,True,False,False
direwolf-github/ephemeral-ci-2a1dd842,-1,-1,-1,False,True,False,False
direwolf-github/ephemeral-ci-2a1ddcb8,-1,-1,-1,False,True,False,False
direwolf-github/ephemeral-ci-2a1de205,-1,-1,-1,False,True,False,False
direwolf-github/ephemeral-ci-2a1de2ca,-1,-1,-1,False,True,False,False
direwolf-github/ephemeral-ci-2a1def99,-1,-1,-1,False,True,False,False
direwolf-github/ephemeral-ci-2a1dffcb,-1,-1,-1,False,True,False,False
direwolf-github/ephemeral-ci-2a1e0591,-1,-1,-1,False,True,False,False
direwolf-github/ephemeral-ci-2a1e09a2,-1,-1,-1,False,True,False,False
direwolf-github/ephemeral-ci-2a1e125d,-1,-1,-1,False,True,False,False
direwolf-github/ephemeral-ci-2a1e14f1,-1,-1,-1,False,True,False,False
direwolf-github/ephemeral-ci-2a1e2b06,-1,-1,-1,False,True,False,False
direwolf-github/ephemeral-ci-2a1e3006,-1,-1,-1,False,True,False,False
direwolf-github/ephemeral-ci-2a1e3033,-1,-1,-1,False,True,False,False
direwolf-github/ephemeral-ci-2a1e3800,-1,-1,-1,False,True,False,False
direwolf-github/ephemeral-ci-2a1e3c15,-1,-1,-1,False,True,False,False
direwolf-github/ephemeral-ci-2a1e404d,-1,-1,-1,False,True,False,False
direwolf-github/ephemeral-ci-2a1e4e09,-1,-1,-1,False,True,False,False
direwolf-github/ephemeral-ci-2a1e530b,-1,-1,-1,False,True,False,False
direwolf-github/ephemeral-ci-2a1e6697,-1,-1,-1,False,True,False,False
direwolf-github/ephemeral-ci-2a1e6ec9,-1,-1,-1,False,True,False,False
direwolf-github/ephemeral-ci-2a1e73bd,-1,-1,-1,False,True,False,False
direwolf-github/ephemeral-ci-2a1e77be,-1,-1,-1,False,True,False,False
direwolf-github/ephemeral-ci-2a1e7861,-1,-1,-1,False,True,False,False
direwolf-github/ephemeral-ci-2a1e7d7d,-1,-1,-1,False,True,False,False
direwolf-github/ephemeral-ci-2a1e83de,-1,-1,-1,False,True,False,False
direwolf-github/ephemeral-ci-2a1e9f1d,-1,-1,-1,False,True,False,False
direwolf-github/ephemeral-ci-2a1ea04d,-1,-1,-1,False,True,False,False
direwolf-github/ephemeral-ci-2a1eaab4,-1,-1,-1,False,True,False,False
direwolf-github/ephemeral-ci-2a1eabcf,-1,-1,-1,False,True,False,False
direwolf-github/ephemeral-ci-2a1ec168,-1,-1,-1,False,True,False,False
direwolf-github/ephemeral-ci-2a1ec45c,-1,-1,-1,False,True,False,False
direwolf-github/ephemeral-ci-2a1ec550,-1,-1,-1,False,True,False,False
direwolf-github/ephemeral-ci-2a1ec6c4,-1,-1,-1,False,True,False,False
direwolf-github/ephemeral-ci-2a1ec8f6,-1,-1,-1,False,True,False,False
direwolf-github/ephemeral-ci-2a1ec99c,-1,-1,-1,False,True,False,False
direwolf-github/ephemeral-ci-2a1ed923,-1,-1,-1,False,True,False,False
direwolf-github/ephemeral-ci-2a1eea6a,-1,-1,-1,False,True,False,False
direwolf-github/ephemeral-ci-2a1f03f1,-1,-1,-1,False,True,False,False
direwolf-github/ephemeral-ci-2a1f0a9f,-1,-1,-1,False,True,False,False
direwolf-github/ephemeral-ci-2a1f0f37,-1,-1,-1,False,True,False,False
direwolf-github/ephemeral-ci-2a1f1046,-1,-1,-1,False,True,False,False
direwolf-github/ephemeral-ci-2a1f1ab8,-1,-1,-1,False,True,False,False
direwolf-github/ephemeral-ci-2a1f2312,-1,-1,-1,False,True,False,False
direwolf-github/ephemeral-ci-2a1f3169,-1,-1,-1,False,True,False,False
direwolf-github/ephemeral-ci-2a1f3388,-1,-1,-1,False,True,False,False
direwolf-github/ephemeral-ci-2a1f3d18,-1,-1,-1,False,True,False,False
direwolf-github/ephemeral-ci-2a1f4b11,-1,-1,-1,False,True,False,False
direwolf-github/ephemeral-ci-2a1f5425,-1,-1,-1,False,True,False,False
direwolf-github/ephemeral-ci-2a1f5fd1,-1,-1,-1,False,True,False,False
direwolf-github/ephemeral-ci-2a1f6487,-1,-1,-1,False,True,False,False
direwolf-github/ephemeral-ci-2a1f72a8,-1,-1,-1,False,True,False,False
direwolf-github/ephemeral-ci-2a1f796a,-1,-1,-1,False,True,False,False
direwolf-github/ephemeral-ci-2a1f90f2,-1,-1,-1,False,True,False,False
direwolf-github/ephemeral-ci-2a1f99bc,-1,-1,-1,False,True,False,False
direwolf-github/ephemeral-ci-2a1fa4d8,-1,-1,-1,False,True,False,False
direwolf-github/ephemeral-ci-2a1fa514,-1,-1,-1,False,True,False,False
direwolf-github/ephemeral-ci-2a1fa6ce,-1,-1,-1,False,True,False,False
direwolf-github/ephemeral-ci-2a1fa78c,-1,-1,-1,False,True,False,False
direwolf-github/ephemeral-ci-2a1fac43,-1,-1,-1,False,True,False,False
direwolf-github/ephemeral-ci-2a1fae66,-1,-1,-1,False,True,False,False
direwolf-github/ephemeral-ci-2a1fc122,-1,-1,-1,False,True,False,False
direwolf-github/ephemeral-ci-2a1fc80c,-1,-1,-1,False,True,False,False
direwolf-github/ephemeral-ci-2a1fc994,-1,-1,-1,False,True,False,False
direwolf-github/ephemeral-ci-2a1fe589,-1,-1,-1,False,True,False,False
direwolf-github/ephemeral-ci-2a1ff1ec,-1,-1,-1,False,True,False,False
direwolf-github/ephemeral-ci-2a1ff5f8,-1,-1,-1,False,True,False,False
direwolf-github/ephemeral-ci-2a1ff7d6,-1,-1,-1,False,True,False,False
direwolf-github/ephemeral-ci-2a1ffa07,-1,-1,-1,False,True,False,False
direwolf-github/ephemeral-ci-2a200cd8,-1,-1,-1,False,True,False,False
direwolf-github/ephemeral-ci-2a200d48,-1,-1,-1,False,True,False,False
direwolf-github/ephemeral-ci-2a201b21,-1,-1,-1,False,True,False,False
direwolf-github/ephemeral-ci-2a201ee7,-1,-1,-1,False,True,False,False
direwolf-github/ephemeral-ci-2a202037,-1,-1,-1,False,True,False,False
direwolf-github/ephemeral-ci-2a202a35,-1,-1,-1,False,True,False,False
direwolf-github/ephemeral-ci-2a204230,-1,-1,-1,False,True,False,False
direwolf-github/ephemeral-ci-2a20439d,-1,-1,-1,False,True,False,False
direwolf-github/ephemeral-ci-2a204701,-1,-1,-1,False,True,False,False
direwolf-github/ephemeral-ci-2a204897,-1,-1,-1,False,True,False,False
direwolf-github/ephemeral-ci-2a204f23,-1,-1,-1,False,True,False,False
direwolf-github/ephemeral-ci-2a206456,-1,-1,-1,False,True,False,False
direwolf-github/ephemeral-ci-2a206eb2,-1,-1,-1,False,True,False,False
direwolf-github/ephemeral-ci-2a2072ba,-1,-1,-1,False,True,False,False
direwolf-github/ephemeral-ci-2a20777b,-1,-1,-1,False,True,False,False
direwolf-github/ephemeral-ci-2a207785,-1,-1,-1,False,True,False,False
direwolf-github/ephemeral-ci-2a208e98,-1,-1,-1,False,True,False,False
direwolf-github/ephemeral-ci-2a209e19,-1,-1,-1,False,True,False,False
direwolf-github/ephemeral-ci-2a20a59e,-1,-1,-1,False,True,False,False
direwolf-github/ephemeral-ci-2a20a60f,-1,-1,-1,False,True,False,False
direwolf-github/ephemeral-ci-2a20adc8,-1,-1,-1,False,True,False,False
direwolf-github/ephemeral-ci-2a20b263,-1,-1,-1,False,True,False,False
direwolf-github/ephemeral-ci-2a20cbe3,-1,-1,-1,False,True,False,False
direwolf-github/ephemeral-ci-2a20d310,-1,-1,-1,False,True,False,False
direwolf-github/ephemeral-ci-2a20ef6d,-1,-1,-1,False,True,False,False
direwolf-github/ephemeral-ci-2a2108cd,-1,-1,-1,False,True,False,False
direwolf-github/ephemeral-ci-2a210c41,-1,-1,-1,False,True,False,False
direwolf-github/ephemeral-ci-2a211995,-1,-1,-1,False,True,False,False
direwolf-github/ephemeral-ci-2a212602,-1,-1,-1,False,True,False,False
direwolf-github/ephemeral-ci-2a213219,-1,-1,-1,False,True,False,False
direwolf-github/ephemeral-ci-2a213272,-1,-1,-1,False,True,False,False
direwolf-github/ephemeral-ci-2a214398,-1,-1,-1,False,True,False,False
direwolf-github/ephemeral-ci-2a2153db,-1,-1,-1,False,True,False,False
direwolf-github/ephemeral-ci-2a21598e,-1,-1,-1,False,True,False,False
direwolf-github/ephemeral-ci-2a215bb0,-1,-1,-1,False,True,False,False
direwolf-github/ephemeral-ci-2a216550,-1,-1,-1,False,True,False,False
direwolf-github/ephemeral-ci-2a216779,-1,-1,-1,False,True,False,False
direwolf-github/ephemeral-ci-2a216b5c,-1,-1,-1,False,True,False,False
direwolf-github/ephemeral-ci-2a217e1a,-1,-1,-1,False,True,False,False
direwolf-github/ephemeral-ci-2a217e7a,-1,-1,-1,False,True,False,False
direwolf-github/ephemeral-ci-2a218306,-1,-1,-1,False,True,False,False
direwolf-github/ephemeral-ci-2a219a90,-1,-1,-1,False,True,False,False
direwolf-github/ephemeral-ci-2a21a5cd,-1,-1,-1,False,True,False,False
direwolf-github/ephemeral-ci-2a21ac44,-1,-1,-1,False,True,False,False
direwolf-github/ephemeral-ci-2a21ad0a,-1,-1,-1,False,True,False,False
direwolf-github/ephemeral-ci-2a21c331,-1,-1,-1,False,True,False,False
direwolf-github/ephemeral-ci-2a21d452,-1,-1,-1,False,True,False,False
direwolf-github/ephemeral-ci-2a21dae5,-1,-1,-1,False,True,False,False
direwolf-github/ephemeral-ci-2a21deb8,-1,-1,-1,False,True,False,False
direwolf-github/ephemeral-ci-2a21e9c0,-1,-1,-1,False,True,False,False
direwolf-github/ephemeral-ci-2a21ea59,-1,-1,-1,False,True,False,False
direwolf-github/ephemeral-ci-2a21f0be,-1,-1,-1,False,True,False,False
direwolf-github/ephemeral-ci-2a21f3f2,-1,-1,-1,False,True,False,False
direwolf-github/ephemeral-ci-2a22025c,-1,-1,-1,False,True,False,False
direwolf-github/ephemeral-ci-2a220ff8,-1,-1,-1,False,True,False,False
direwolf-github/ephemeral-ci-2a22217a,-1,-1,-1,False,True,False,False
direwolf-github/ephemeral-ci-2a222e52,-1,-1,-1,False,True,False,False
direwolf-github/ephemeral-ci-2a2235f9,-1,-1,-1,False,True,False,False
direwolf-github/ephemeral-ci-2a223692,-1,-1,-1,False,True,False,False
direwolf-github/ephemeral-ci-2a2256b9,-1,-1,-1,False,True,False,False
direwolf-github/ephemeral-ci-2a225976,-1,-1,-1,False,True,False,False
direwolf-github/ephemeral-ci-2a226047,-1,-1,-1,False,True,False,False
direwolf-github/ephemeral-ci-2a22663b,-1,-1,-1,False,True,False,False
direwolf-github/ephemeral-ci-2a226ccc,-1,-1,-1,False,True,False,False
direwolf-github/ephemeral-ci-2a2287a3,-1,-1,-1,False,True,False,False
direwolf-github/ephemeral-ci-2a2297ef,-1,-1,-1,False,True,False,False
direwolf-github/ephemeral-ci-2a22a2c0,-1,-1,-1,False,True,False,False
direwolf-github/ephemeral-ci-2a22a895,-1,-1,-1,False,True,False,False
direwolf-github/ephemeral-ci-2a22b279,-1,-1,-1,False,True,False,False
direwolf-github/ephemeral-ci-2a22b973,-1,-1,-1,False,True,False,False
direwolf-github/ephemeral-ci-2a22bd77,-1,-1,-1,False,True,False,False
direwolf-github/ephemeral-ci-2a22cd0b,-1,-1,-1,False,True,False,False
direwolf-github/ephemeral-ci-2a22e555,-1,-1,-1,False,True,False,False
direwolf-github/ephemeral-ci-2a22e8e5,-1,-1,-1,False,True,False,False
direwolf-github/ephemeral-ci-2a22e8fc,-1,-1,-1,False,True,False,False
direwolf-github/ephemeral-ci-2a22ea03,-1,-1,-1,False,True,False,False
direwolf-github/ephemeral-ci-2a22ee1e,-1,-1,-1,False,True,False,False
direwolf-github/ephemeral-ci-2a22f12c,-1,-1,-1,False,True,False,False
direwolf-github/ephemeral-ci-2a22f27b,-1,-1,-1,False,True,False,False
direwolf-github/ephemeral-ci-2a22f331,-1,-1,-1,False,True,False,False
direwolf-github/ephemeral-ci-2a22fcdb,-1,-1,-1,False,True,False,False
direwolf-github/ephemeral-ci-2a231ad2,-1,-1,-1,False,True,False,False
direwolf-github/ephemeral-ci-2a231d1f,-1,-1,-1,False,True,False,False
direwolf-github/ephemeral-ci-2a232e17,-1,-1,-1,False,True,False,False
direwolf-github/ephemeral-ci-2a23385c,-1,-1,-1,False,True,False,False
direwolf-github/ephemeral-ci-2a233904,-1,-1,-1,False,True,False,False
direwolf-github/ephemeral-ci-2a233b81,-1,-1,-1,False,True,False,False
direwolf-github/ephemeral-ci-2a23459a,-1,-1,-1,False,True,False,False
direwolf-github/ephemeral-ci-2a23497f,-1,-1,-1,False,True,False,False
direwolf-github/ephemeral-ci-2a235295,-1,-1,-1,False,True,False,False
direwolf-github/ephemeral-ci-2a235469,-1,-1,-1,False,True,False,False
direwolf-github/ephemeral-ci-2a2360ac,-1,-1,-1,False,True,False,False
direwolf-github/ephemeral-ci-2a23624b,-1,-1,-1,False,True,False,False
direwolf-github/ephemeral-ci-2a23637b,-1,-1,-1,False,True,False,False
direwolf-github/ephemeral-ci-2a23662a,-1,-1,-1,False,True,False,False
direwolf-github/ephemeral-ci-2a2367fb,-1,-1,-1,False,True,False,False
direwolf-github/ephemeral-ci-2a2369e2,-1,-1,-1,False,True,False,False
direwolf-github/ephemeral-ci-2a237686,-1,-1,-1,False,True,False,False
direwolf-github/ephemeral-ci-2a23790f,-1,-1,-1,False,True,False,False
direwolf-github/ephemeral-ci-2a238405,-1,-1,-1,False,True,False,False
direwolf-github/ephemeral-ci-2a23a7c5,-1,-1,-1,False,True,False,False
direwolf-github/ephemeral-ci-2a23ade1,-1,-1,-1,False,True,False,False
direwolf-github/ephemeral-ci-2a23c67c,-1,-1,-1,False,True,False,False
direwolf-github/ephemeral-ci-2a23c830,-1,-1,-1,False,True,False,False
direwolf-github/ephemeral-ci-2a23cb33,-1,-1,-1,False,True,False,False
direwolf-github/ephemeral-ci-2a23f31e,-1,-1,-1,False,True,False,False
direwolf-github/ephemeral-ci-2a2404ed,-1,-1,-1,False,True,False,False
direwolf-github/ephemeral-ci-2a240580,-1,-1,-1,False,True,False,False
direwolf-github/ephemeral-ci-2a2405be,-1,-1,-1,False,True,False,False
direwolf-github/ephemeral-ci-2a240827,-1,-1,-1,False,True,False,False
direwolf-github/ephemeral-ci-2a242097,-1,-1,-1,False,True,False,False
direwolf-github/ephemeral-ci-2a2425c3,-1,-1,-1,False,True,False,False
direwolf-github/ephemeral-ci-2a243bfa,-1,-1,-1,False,True,False,False
direwolf-github/ephemeral-ci-2a245794,-1,-1,-1,False,True,False,False
direwolf-github/ephemeral-ci-2a2462ea,-1,-1,-1,False,True,False,False
direwolf-github/ephemeral-ci-2a247241,-1,-1,-1,False,True,False,False
direwolf-github/ephemeral-ci-2a247df4,-1,-1,-1,False,True,False,False
direwolf-github/ephemeral-ci-2a24842a,-1,-1,-1,False,True,False,False
direwolf-github/ephemeral-ci-2a248646,-1,-1,-1,False,True,False,False
direwolf-github/ephemeral-ci-2a2488e7,-1,-1,-1,False,True,False,False
direwolf-github/ephemeral-ci-2a24a7ba,-1,-1,-1,False,True,False,False
direwolf-github/ephemeral-ci-2a24a99c,-1,-1,-1,False,True,False,False
direwolf-github/ephemeral-ci-2a24b7af,-1,-1,-1,False,True,False,False
direwolf-github/ephemeral-ci-2a24bbe3,-1,-1,-1,False,True,False,False
direwolf-github/ephemeral-ci-2a24c313,-1,-1,-1,False,True,False,False
direwolf-github/ephemeral-ci-2a24d6fa,-1,-1,-1,False,True,False,False
direwolf-github/ephemeral-ci-2a24e59f,-1,-1,-1,False,True,False,False
direwolf-github/ephemeral-ci-2a24ecce,-1,-1,-1,False,True,False,False
direwolf-github/ephemeral-ci-2a24fc4d,-1,-1,-1,False,True,False,False
direwolf-github/ephemeral-ci-2a24fc57,-1,-1,-1,False,True,False,False
direwolf-github/ephemeral-ci-2a24fd9a,-1,-1,-1,False,True,False,False
direwolf-github/ephemeral-ci-2a24ff50,-1,-1,-1,False,True,False,False
direwolf-github/ephemeral-ci-2a25020c,-1,-1,-1,False,True,False,False
direwolf-github/ephemeral-ci-2a250423,-1,-1,-1,False,True,False,False
direwolf-github/ephemeral-ci-2a250acb,-1,-1,-1,False,True,False,False
direwolf-github/ephemeral-ci-2a251ed6,-1,-1,-1,False,True,False,False
direwolf-github/ephemeral-ci-2a252374,-1,-1,-1,False,True,False,False
direwolf-github/ephemeral-ci-2a25298b,-1,-1,-1,False,True,False,False
direwolf-github/ephemeral-ci-2a254037,-1,-1,-1,False,True,False,False
direwolf-github/ephemeral-ci-2a254a6e,-1,-1,-1,False,True,False,False
direwolf-github/ephemeral-ci-2a255091,-1,-1,-1,False,True,False,False
direwolf-github/ephemeral-ci-2a255bb6,-1,-1,-1,False,True,False,False
direwolf-github/ephemeral-ci-2a256485,-1,-1,-1,False,True,False,False
direwolf-github/ephemeral-ci-2a2578a1,-1,-1,-1,False,True,False,False
direwolf-github/ephemeral-ci-2a258577,-1,-1,-1,False,True,False,False
direwolf-github/ephemeral-ci-2a2585ea,-1,-1,-1,False,True,False,False
direwolf-github/ephemeral-ci-2a25948a,-1,-1,-1,False,True,False,False
direwolf-github/ephemeral-ci-2a2599ae,-1,-1,-1,False,True,False,False
direwolf-github/ephemeral-ci-2a259b0b,-1,-1,-1,False,True,False,False
direwolf-github/ephemeral-ci-2a259cbb,-1,-1,-1,False,True,False,False
direwolf-github/ephemeral-ci-2a259f29,-1,-1,-1,False,True,False,False
direwolf-github/ephemeral-ci-2a25a12b,-1,-1,-1,False,True,False,False
direwolf-github/ephemeral-ci-2a25a3de,-1,-1,-1,False,True,False,False
direwolf-github/ephemeral-ci-2a25b9e9,-1,-1,-1,False,True,False,False
direwolf-github/ephemeral-ci-2a25ddf4,-1,-1,-1,False,True,False,False
direwolf-github/ephemeral-ci-2a25e312,-1,-1,-1,False,True,False,False
direwolf-github/ephemeral-ci-2a25e648,-1,-1,-1,False,True,False,False
direwolf-github/ephemeral-ci-2a25f776,-1,-1,-1,False,True,False,False
direwolf-github/ephemeral-ci-2a260ee2,-1,-1,-1,False,True,False,False
direwolf-github/ephemeral-ci-2a261c84,-1,-1,-1,False,True,False,False
direwolf-github/ephemeral-ci-2a261f54,-1,-1,-1,False,True,False,False
direwolf-github/ephemeral-ci-2a264047,-1,-1,-1,False,True,False,False
direwolf-github/ephemeral-ci-2a26410f,-1,-1,-1,False,True,False,False
direwolf-github/ephemeral-ci-2a26439b,-1,-1,-1,False,True,False,False
direwolf-github/ephemeral-ci-2a26470b,-1,-1,-1,False,True,False,False
direwolf-github/ephemeral-ci-2a264c5e,-1,-1,-1,False,True,False,False
direwolf-github/ephemeral-ci-2a264daa,-1,-1,-1,False,True,False,False
direwolf-github/ephemeral-ci-2a2655bf,-1,-1,-1,False,True,False,False
direwolf-github/ephemeral-ci-2a265f55,-1,-1,-1,False,True,False,False
direwolf-github/ephemeral-ci-2a26610d,-1,-1,-1,False,True,False,False
direwolf-github/ephemeral-ci-2a267135,-1,-1,-1,False,True,False,False
direwolf-github/ephemeral-ci-2a26743a,-1,-1,-1,False,True,False,False
direwolf-github/ephemeral-ci-2a268446,-1,-1,-1,False,True,False,False
direwolf-github/ephemeral-ci-2a269ce5,-1,-1,-1,False,True,False,False
direwolf-github/ephemeral-ci-2a269d3b,-1,-1,-1,False,True,False,False
direwolf-github/ephemeral-ci-2a26a9c3,-1,-1,-1,False,True,False,False
direwolf-github/ephemeral-ci-2a26ab4d,-1,-1,-1,False,True,False,False
direwolf-github/ephemeral-ci-2a26aec6,-1,-1,-1,False,True,False,False
direwolf-github/ephemeral-ci-2a26b067,-1,-1,-1,False,True,False,False
direwolf-github/ephemeral-ci-2a26bca7,-1,-1,-1,False,True,False,False
direwolf-github/ephemeral-ci-2a26c2e9,-1,-1,-1,False,True,False,False
direwolf-github/ephemeral-ci-2a26c396,-1,-1,-1,False,True,False,False
direwolf-github/ephemeral-ci-2a26c8d2,-1,-1,-1,False,True,False,False
direwolf-github/ephemeral-ci-2a26cc0b,-1,-1,-1,False,True,False,False
direwolf-github/ephemeral-ci-2a26cf8f,-1,-1,-1,False,True,False,False
direwolf-github/ephemeral-ci-2a26d0fc,-1,-1,-1,False,True,False,False
direwolf-github/ephemeral-ci-2a26d3ff,-1,-1,-1,False,True,False,False
direwolf-github/ephemeral-ci-2a26e96b,-1,-1,-1,False,True,False,False
direwolf-github/ephemeral-ci-2a26fdd3,-1,-1,-1,False,True,False,False
direwolf-github/ephemeral-ci-2a27112a,-1,-1,-1,False,True,False,False
direwolf-github/ephemeral-ci-2a2713ea,-1,-1,-1,False,True,False,False
direwolf-github/ephemeral-ci-2a271515,-1,-1,-1,False,True,False,False
direwolf-github/ephemeral-ci-2a271c65,-1,-1,-1,False,True,False,False
direwolf-github/ephemeral-ci-2a27251a,-1,-1,-1,False,True,False,False
direwolf-github/ephemeral-ci-2a2727bd,-1,-1,-1,False,True,False,False
direwolf-github/ephemeral-ci-2a272b71,-1,-1,-1,False,True,False,False
direwolf-github/ephemeral-ci-2a2736d7,-1,-1,-1,False,True,False,False
direwolf-github/ephemeral-ci-2a2747b6,-1,-1,-1,False,True,False,False
direwolf-github/ephemeral-ci-2a276102,-1,-1,-1,False,True,False,False
direwolf-github/ephemeral-ci-2a276196,-1,-1,-1,False,True,False,False
direwolf-github/ephemeral-ci-2a276636,-1,-1,-1,False,True,False,False
direwolf-github/ephemeral-ci-2a276d68,-1,-1,-1,False,True,False,False
direwolf-github/ephemeral-ci-2a277d1a,-1,-1,-1,False,True,False,False
direwolf-github/ephemeral-ci-2a277d3f,-1,-1,-1,False,True,False,False
direwolf-github/ephemeral-ci-2a2780ee,-1,-1,-1,False,True,False,False
direwolf-github/ephemeral-ci-2a27876e,-1,-1,-1,False,True,False,False
direwolf-github/ephemeral-ci-2a278fc7,-1,-1,-1,False,True,False,False
direwolf-github/ephemeral-ci-2a27b1d3,-1,-1,-1,False,True,False,False
direwolf-github/ephemeral-ci-2a27be86,-1,-1,-1,False,True,False,False
direwolf-github/ephemeral-ci-2a27bf43,-1,-1,-1,False,True,False,False
direwolf-github/ephemeral-ci-2a27d31f,-1,-1,-1,False,True,False,False
direwolf-github/ephemeral-ci-2a27d350,-1,-1,-1,False,True,False,False
direwolf-github/ephemeral-ci-2a27e747,-1,-1,-1,False,True,False,False
direwolf-github/ephemeral-ci-2a27e791,-1,-1,-1,False,True,False,False
direwolf-github/ephemeral-ci-2a27ea4e,-1,-1,-1,False,True,False,False
direwolf-github/ephemeral-ci-2a27ee25,-1,-1,-1,False,True,False,False
direwolf-github/ephemeral-ci-2a27f761,-1,-1,-1,False,True,False,False
direwolf-github/ephemeral-ci-2a27f80a,-1,-1,-1,False,True,False,False
direwolf-github/ephemeral-ci-2a27f8f6,-1,-1,-1,False,True,False,False
direwolf-github/ephemeral-ci-2a280e97,-1,-1,-1,False,True,False,False
direwolf-github/ephemeral-ci-2a281956,-1,-1,-1,False,True,False,False
direwolf-github/ephemeral-ci-2a282cd9,-1,-1,-1,False,True,False,False
direwolf-github/ephemeral-ci-2a283619,-1,-1,-1,False,True,False,False
direwolf-github/ephemeral-ci-2a283a5c,-1,-1,-1,False,True,False,False
direwolf-github/ephemeral-ci-2a283b9e,-1,-1,-1,False,True,False,False
direwolf-github/ephemeral-ci-2a284090,-1,-1,-1,False,True,False,False
direwolf-github/ephemeral-ci-2a2840f1,-1,-1,-1,False,True,False,False
direwolf-github/ephemeral-ci-2a2847fb,-1,-1,-1,False,True,False,False
direwolf-github/ephemeral-ci-2a28480d,-1,-1,-1,False,True,False,False
direwolf-github/ephemeral-ci-2a284888,-1,-1,-1,False,True,False,False
direwolf-github/ephemeral-ci-2a286434,-1,-1,-1,False,True,False,False
direwolf-github/ephemeral-ci-2a2867c3,-1,-1,-1,False,True,False,False
direwolf-github/ephemeral-ci-2a288273,-1,-1,-1,False,True,False,False
direwolf-github/ephemeral-ci-2a288553,-1,-1,-1,False,True,False,False
direwolf-github/ephemeral-ci-2a28871e,-1,-1,-1,False,True,False,False
direwolf-github/ephemeral-ci-2a288c55,-1,-1,-1,False,True,False,False
direwolf-github/ephemeral-ci-2a28a82d,-1,-1,-1,False,True,False,False
direwolf-github/ephemeral-ci-2a28ab2c,-1,-1,-1,False,True,False,False
direwolf-github/ephemeral-ci-2a28ac81,-1,-1,-1,False,True,False,False
direwolf-github/ephemeral-ci-2a28ae51,-1,-1,-1,False,True,False,False
direwolf-github/ephemeral-ci-2a28b13e,-1,-1,-1,False,True,False,False
direwolf-github/ephemeral-ci-2a28b219,-1,-1,-1,False,True,False,False
direwolf-github/ephemeral-ci-2a28b6a8,-1,-1,-1,False,True,False,False
direwolf-github/ephemeral-ci-2a28bca7,-1,-1,-1,False,True,False,False
direwolf-github/ephemeral-ci-2a28cc0c,-1,-1,-1,False,True,False,False
direwolf-github/ephemeral-ci-2a28d28b,-1,-1,-1,False,True,False,False
direwolf-github/ephemeral-ci-2a28db01,-1,-1,-1,False,True,False,False
direwolf-github/ephemeral-ci-2a28e4db,-1,-1,-1,False,True,False,False
direwolf-github/ephemeral-ci-2a28ef16,-1,-1,-1,False,True,False,False
direwolf-github/ephemeral-ci-2a28f7db,-1,-1,-1,False,True,False,False
direwolf-github/ephemeral-ci-2a2909c9,-1,-1,-1,False,True,False,False
direwolf-github/ephemeral-ci-2a290cbb,-1,-1,-1,False,True,False,False
direwolf-github/ephemeral-ci-2a2910cf,-1,-1,-1,False,True,False,False
direwolf-github/ephemeral-ci-2a29113f,-1,-1,-1,False,True,False,False
direwolf-github/ephemeral-ci-2a291929,-1,-1,-1,False,True,False,False
direwolf-github/ephemeral-ci-2a2922c3,-1,-1,-1,False,True,False,False
direwolf-github/ephemeral-ci-2a2929e9,-1,-1,-1,False,True,False,False
direwolf-github/ephemeral-ci-2a29435c,-1,-1,-1,False,True,False,False
direwolf-github/ephemeral-ci-2a29462c,-1,-1,-1,False,True,False,False
direwolf-github/ephemeral-ci-2a294a76,-1,-1,-1,False,True,False,False
direwolf-github/ephemeral-ci-2a296cb6,-1,-1,-1,False,True,False,False
direwolf-github/ephemeral-ci-2a29868b,-1,-1,-1,False,True,False,False
direwolf-github/ephemeral-ci-2a2992e9,-1,-1,-1,False,True,False,False
direwolf-github/ephemeral-ci-2a299d68,-1,-1,-1,False,True,False,False
direwolf-github/ephemeral-ci-2a29a601,-1,-1,-1,False,True,False,False
direwolf-github/ephemeral-ci-2a29a717,-1,-1,-1,False,True,False,False
direwolf-github/ephemeral-ci-2a29ad86,-1,-1,-1,False,True,False,False
direwolf-github/ephemeral-ci-2a29adef,-1,-1,-1,False,True,False,False
direwolf-github/ephemeral-ci-2a29b301,-1,-1,-1,False,True,False,False
direwolf-github/ephemeral-ci-2a29b3d8,-1,-1,-1,False,True,False,False
direwolf-github/ephemeral-ci-2a29b41b,-1,-1,-1,False,True,False,False
direwolf-github/ephemeral-ci-2a29b4d1,-1,-1,-1,False,True,False,False
direwolf-github/ephemeral-ci-2a29c094,-1,-1,-1,False,True,False,False
direwolf-github/ephemeral-ci-2a29c8fd,-1,-1,-1,False,True,False,False
direwolf-github/ephemeral-ci-2a29cd42,-1,-1,-1,False,True,False,False
direwolf-github/ephemeral-ci-2a29ceb0,-1,-1,-1,False,True,False,False
direwolf-github/ephemeral-ci-2a29d3bc,-1,-1,-1,False,True,False,False
direwolf-github/ephemeral-ci-2a29d94e,-1,-1,-1,False,True,False,False
direwolf-github/ephemeral-ci-2a29dc50,-1,-1,-1,False,True,False,False
direwolf-github/ephemeral-ci-2a29dc8b,-1,-1,-1,False,True,False,False
direwolf-github/ephemeral-ci-2a29eab0,-1,-1,-1,False,True,False,False
direwolf-github/ephemeral-ci-2a29f0ab,-1,-1,-1,False,True,False,False
direwolf-github/ephemeral-ci-2a29ff76,-1,-1,-1,False,True,False,False
direwolf-github/ephemeral-ci-2a2a01cd,-1,-1,-1,False,True,False,False
direwolf-github/ephemeral-ci-2a2a05de,-1,-1,-1,False,True,False,False
direwolf-github/ephemeral-ci-2a2a1214,-1,-1,-1,False,True,False,False
direwolf-github/ephemeral-ci-2a2a1259,-1,-1,-1,False,True,False,False
direwolf-github/ephemeral-ci-2a2a2892,-1,-1,-1,False,True,False,False
direwolf-github/ephemeral-ci-2a2a3249,-1,-1,-1,False,True,False,False
direwolf-github/ephemeral-ci-2a2a3256,-1,-1,-1,False,True,False,False
direwolf-github/ephemeral-ci-2a2a415d,-1,-1,-1,False,True,False,False
direwolf-github/ephemeral-ci-2a2a4452,-1,-1,-1,False,True,False,False
direwolf-github/ephemeral-ci-2a2a44ca,-1,-1,-1,False,True,False,False
direwolf-github/ephemeral-ci-2a2a4d2e,-1,-1,-1,False,True,False,False
direwolf-github/ephemeral-ci-2a2a4eec,-1,-1,-1,False,True,False,False
direwolf-github/ephemeral-ci-2a2a52c8,-1,-1,-1,False,True,False,False
direwolf-github/ephemeral-ci-2a2a5a24,-1,-1,-1,False,True,False,False
direwolf-github/ephemeral-ci-2a2a6619,-1,-1,-1,False,True,False,False
direwolf-github/ephemeral-ci-2a2a663a,-1,-1,-1,False,True,False,False
direwolf-github/ephemeral-ci-2a2a71b7,-1,-1,-1,False,True,False,False
direwolf-github/ephemeral-ci-2a2a7e7c,-1,-1,-1,False,True,False,False
direwolf-github/ephemeral-ci-2a2a86c5,-1,-1,-1,False,True,False,False
direwolf-github/ephemeral-ci-2a2a88b8,-1,-1,-1,False,True,False,False
direwolf-github/ephemeral-ci-2a2a8e40,-1,-1,-1,False,True,False,False
direwolf-github/ephemeral-ci-2a2a934e,-1,-1,-1,False,True,False,False
direwolf-github/ephemeral-ci-2a2aa221,-1,-1,-1,False,True,False,False
direwolf-github/ephemeral-ci-2a2aa492,-1,-1,-1,False,True,False,False
direwolf-github/ephemeral-ci-2a2ab10c,-1,-1,-1,False,True,False,False
direwolf-github/ephemeral-ci-2a2ab7b3,-1,-1,-1,False,True,False,False
direwolf-github/ephemeral-ci-2a2ad033,-1,-1,-1,False,True,False,False
direwolf-github/ephemeral-ci-2a2ad23d,-1,-1,-1,False,True,False,False
direwolf-github/ephemeral-ci-2a2add82,-1,-1,-1,False,True,False,False
direwolf-github/ephemeral-ci-2a2aec81,-1,-1,-1,False,True,False,False
direwolf-github/ephemeral-ci-2a2b0356,-1,-1,-1,False,True,False,False
direwolf-github/ephemeral-ci-2a2b06dc,-1,-1,-1,False,True,False,False
direwolf-github/ephemeral-ci-2a2b1675,-1,-1,-1,False,True,False,False
direwolf-github/ephemeral-ci-2a2b2d48,-1,-1,-1,False,True,False,False
direwolf-github/ephemeral-ci-2a2b3fb1,-1,-1,-1,False,True,False,False
direwolf-github/ephemeral-ci-2a2b75d9,-1,-1,-1,False,True,False,False
direwolf-github/ephemeral-ci-2a2b771d,-1,-1,-1,False,True,False,False
direwolf-github/ephemeral-ci-2a2b78e4,-1,-1,-1,False,True,False,False
direwolf-github/ephemeral-ci-2a2b7998,-1,-1,-1,False,True,False,False
direwolf-github/ephemeral-ci-2a2b7c83,-1,-1,-1,False,True,False,False
direwolf-github/ephemeral-ci-2a2b7cea,-1,-1,-1,False,True,False,False
direwolf-github/ephemeral-ci-2a2b8c0b,-1,-1,-1,False,True,False,False
direwolf-github/ephemeral-ci-2a2b9845,-1,-1,-1,False,True,False,False
direwolf-github/ephemeral-ci-2a2ba3ca,-1,-1,-1,False,True,False,False
direwolf-github/ephemeral-ci-2a2ba413,-1,-1,-1,False,True,False,False
direwolf-github/ephemeral-ci-2a2ba93a,-1,-1,-1,False,True,False,False
direwolf-github/ephemeral-ci-2a2bafc5,-1,-1,-1,False,True,False,False
direwolf-github/ephemeral-ci-2a2bb49c,-1,-1,-1,False,True,False,False
direwolf-github/ephemeral-ci-2a2bb53d,-1,-1,-1,False,True,False,False
direwolf-github/ephemeral-ci-2a2bb64c,-1,-1,-1,False,True,False,False
direwolf-github/ephemeral-ci-2a2bb9e7,-1,-1,-1,False,True,False,False
direwolf-github/ephemeral-ci-2a2bc862,-1,-1,-1,False,True,False,False
direwolf-github/ephemeral-ci-2a2bcce9,-1,-1,-1,False,True,False,False
direwolf-github/ephemeral-ci-2a2bd11e,-1,-1,-1,False,True,False,False
direwolf-github/ephemeral-ci-2a2bd260,-1,-1,-1,False,True,False,False
direwolf-github/ephemeral-ci-2a2bd3b4,-1,-1,-1,False,True,False,False
direwolf-github/ephemeral-ci-2a2bd6c9,-1,-1,-1,False,True,False,False
direwolf-github/ephemeral-ci-2a2be024,-1,-1,-1,False,True,False,False
direwolf-github/ephemeral-ci-2a2be5c7,-1,-1,-1,False,True,False,False
direwolf-github/ephemeral-ci-2a2bf741,-1,-1,-1,False,True,False,False
direwolf-github/ephemeral-ci-2a2c0f13,-1,-1,-1,False,True,False,False
direwolf-github/ephemeral-ci-2a2c1084,-1,-1,-1,False,True,False,False
direwolf-github/ephemeral-ci-2a2c11e7,-1,-1,-1,False,True,False,False
direwolf-github/ephemeral-ci-2a2c13b0,-1,-1,-1,False,True,False,False
direwolf-github/ephemeral-ci-2a2c1a8a,-1,-1,-1,False,True,False,False
direwolf-github/ephemeral-ci-2a2c1ff0,-1,-1,-1,False,True,False,False
direwolf-github/ephemeral-ci-2a2c32d0,-1,-1,-1,False,True,False,False
direwolf-github/ephemeral-ci-2a2c35eb,-1,-1,-1,False,True,False,False
direwolf-github/ephemeral-ci-2a2c3de3,-1,-1,-1,False,True,False,False
direwolf-github/ephemeral-ci-2a2c4cb4,-1,-1,-1,False,True,False,False
direwolf-github/ephemeral-ci-2a2c53a7,-1,-1,-1,False,True,False,False
direwolf-github/ephemeral-ci-2a2c7c9a,-1,-1,-1,False,True,False,False
direwolf-github/ephemeral-ci-2a2c8acb,-1,-1,-1,False,True,False,False
direwolf-github/ephemeral-ci-2a2c92ca,-1,-1,-1,False,True,False,False
direwolf-github/ephemeral-ci-2a2cc33a,-1,-1,-1,False,True,False,False
direwolf-github/ephemeral-ci-2a2cc929,-1,-1,-1,False,True,False,False
direwolf-github/ephemeral-ci-2a2cce02,-1,-1,-1,False,True,False,False
direwolf-github/ephemeral-ci-2a2cdc03,-1,-1,-1,False,True,False,False
direwolf-github/ephemeral-ci-2a2ceb32,-1,-1,-1,False,True,False,False
direwolf-github/ephemeral-ci-2a2cf004,-1,-1,-1,False,True,False,False
direwolf-github/ephemeral-ci-2a2cf286,-1,-1,-1,False,True,False,False
direwolf-github/ephemeral-ci-2a2cf353,-1,-1,-1,False,True,False,False
direwolf-github/ephemeral-ci-2a2cf39b,-1,-1,-1,False,True,False,False
direwolf-github/ephemeral-ci-2a2cfc2d,-1,-1,-1,False,True,False,False
direwolf-github/ephemeral-ci-2a2cfe47,-1,-1,-1,False,True,False,False
direwolf-github/ephemeral-ci-2a2d0334,-1,-1,-1,False,True,False,False
direwolf-github/ephemeral-ci-2a2d0764,-1,-1,-1,False,True,False,False
direwolf-github/ephemeral-ci-2a2d0a98,-1,-1,-1,False,True,False,False
direwolf-github/ephemeral-ci-2a2d19a9,-1,-1,-1,False,True,False,False
direwolf-github/ephemeral-ci-2a2d1df6,-1,-1,-1,False,True,False,False
direwolf-github/ephemeral-ci-2a2d25e5,-1,-1,-1,False,True,False,False
direwolf-github/ephemeral-ci-2a2d29cd,-1,-1,-1,False,True,False,False
direwolf-github/ephemeral-ci-2a2d3baf,-1,-1,-1,False,True,False,False
direwolf-github/ephemeral-ci-2a2d4257,-1,-1,-1,False,True,False,False
direwolf-github/ephemeral-ci-2a2d4a01,-1,-1,-1,False,True,False,False
direwolf-github/ephemeral-ci-2a2d520d,-1,-1,-1,False,True,False,False
direwolf-github/ephemeral-ci-2a2d53e9,-1,-1,-1,False,True,False,False
direwolf-github/ephemeral-ci-2a2d56dc,-1,-1,-1,False,True,False,False
direwolf-github/ephemeral-ci-2a2d5b4c,-1,-1,-1,False,True,False,False
direwolf-github/ephemeral-ci-2a2d63b7,-1,-1,-1,False,True,False,False
direwolf-github/ephemeral-ci-2a2d7273,-1,-1,-1,False,True,False,False
direwolf-github/ephemeral-ci-2a2d793a,-1,-1,-1,False,True,False,False
direwolf-github/ephemeral-ci-2a2d795d,-1,-1,-1,False,True,False,False
direwolf-github/ephemeral-ci-2a2d7a83,-1,-1,-1,False,True,False,False
direwolf-github/ephemeral-ci-2a2d7cde,-1,-1,-1,False,True,False,False
direwolf-github/ephemeral-ci-2a2d7d94,-1,-1,-1,False,True,False,False
direwolf-github/ephemeral-ci-2a2da3a6,-1,-1,-1,False,True,False,False
direwolf-github/ephemeral-ci-2a2da78e,-1,-1,-1,False,True,False,False
direwolf-github/ephemeral-ci-2a2dc164,-1,-1,-1,False,True,False,False
direwolf-github/ephemeral-ci-2a2dcd15,-1,-1,-1,False,True,False,False
direwolf-github/ephemeral-ci-2a2dcf7f,-1,-1,-1,False,True,False,False
direwolf-github/ephemeral-ci-2a2dd084,-1,-1,-1,False,True,False,False
direwolf-github/ephemeral-ci-2a2dd504,-1,-1,-1,False,True,False,False
direwolf-github/ephemeral-ci-2a2de2ee,-1,-1,-1,False,True,False,False
direwolf-github/ephemeral-ci-2a2dedf2,-1,-1,-1,False,True,False,False
direwolf-github/ephemeral-ci-2a2dee7f,-1,-1,-1,False,True,False,False
direwolf-github/ephemeral-ci-2a2df80f,-1,-1,-1,False,True,False,False
direwolf-github/ephemeral-ci-2a2e0f66,-1,-1,-1,False,True,False,False
direwolf-github/ephemeral-ci-2a2e1b19,-1,-1,-1,False,True,False,False
direwolf-github/ephemeral-ci-2a2e30d4,-1,-1,-1,False,True,False,False
direwolf-github/ephemeral-ci-2a2e37c8,-1,-1,-1,False,True,False,False
direwolf-github/ephemeral-ci-2a2e46d1,-1,-1,-1,False,True,False,False
direwolf-github/ephemeral-ci-2a2e4742,-1,-1,-1,False,True,False,False
direwolf-github/ephemeral-ci-2a2e532c,-1,-1,-1,False,True,False,False
direwolf-github/ephemeral-ci-2a2e6b0f,-1,-1,-1,False,True,False,False
direwolf-github/ephemeral-ci-2a2e740e,-1,-1,-1,False,True,False,False
direwolf-github/ephemeral-ci-2a2e79a6,-1,-1,-1,False,True,False,False
direwolf-github/ephemeral-ci-2a2e7b3b,-1,-1,-1,False,True,False,False
direwolf-github/ephemeral-ci-2a2e81fe,-1,-1,-1,False,True,False,False
direwolf-github/ephemeral-ci-2a2e8a27,-1,-1,-1,False,True,False,False
direwolf-github/ephemeral-ci-2a2e9dd3,-1,-1,-1,False,True,False,False
direwolf-github/ephemeral-ci-2a2eadd4,-1,-1,-1,False,True,False,False
direwolf-github/ephemeral-ci-2a2eb0f4,-1,-1,-1,False,True,False,False
direwolf-github/ephemeral-ci-2a2eb158,-1,-1,-1,False,True,False,False
direwolf-github/ephemeral-ci-2a2ece85,-1,-1,-1,False,True,False,False
direwolf-github/ephemeral-ci-2a2ef72c,-1,-1,-1,False,True,False,False
direwolf-github/ephemeral-ci-2a2f0ba6,-1,-1,-1,False,True,False,False
direwolf-github/ephemeral-ci-2a2f0fb0,-1,-1,-1,False,True,False,False
direwolf-github/ephemeral-ci-2a2f10bf,-1,-1,-1,False,True,False,False
direwolf-github/ephemeral-ci-2a2f234f,-1,-1,-1,False,True,False,False
direwolf-github/ephemeral-ci-2a2f2a42,-1,-1,-1,False,True,False,False
direwolf-github/ephemeral-ci-2a2f2f00,-1,-1,-1,False,True,False,False
direwolf-github/ephemeral-ci-2a2f3eba,-1,-1,-1,False,True,False,False
direwolf-github/ephemeral-ci-2a2f5357,-1,-1,-1,False,True,False,False
direwolf-github/ephemeral-ci-2a2f5947,-1,-1,-1,False,True,False,False
direwolf-github/ephemeral-ci-2a2f8769,-1,-1,-1,False,True,False,False
direwolf-github/ephemeral-ci-2a2f93c8,-1,-1,-1,False,True,False,False
direwolf-github/ephemeral-ci-2a2f9944,-1,-1,-1,False,True,False,False
direwolf-github/ephemeral-ci-2a2fa715,-1,-1,-1,False,True,False,False
direwolf-github/ephemeral-ci-2a2fb17a,-1,-1,-1,False,True,False,False
direwolf-github/ephemeral-ci-2a2fbfd1,-1,-1,-1,False,True,False,False
direwolf-github/ephemeral-ci-2a2fd87a,-1,-1,-1,False,True,False,False
direwolf-github/ephemeral-ci-2a2fdf27,-1,-1,-1,False,True,False,False
direwolf-github/ephemeral-ci-2a2fdf2f,-1,-1,-1,False,True,False,False
direwolf-github/ephemeral-ci-2a2fe2ea,-1,-1,-1,False,True,False,False
direwolf-github/ephemeral-ci-2a2ff8c0,-1,-1,-1,False,True,False,False
direwolf-github/ephemeral-ci-2a300586,-1,-1,-1,False,True,False,False
direwolf-github/ephemeral-ci-2a300d78,-1,-1,-1,False,True,False,False
direwolf-github/ephemeral-ci-2a302fbc,-1,-1,-1,False,True,False,False
direwolf-github/ephemeral-ci-2a3040e8,-1,-1,-1,False,True,False,False
direwolf-github/ephemeral-ci-2a304901,-1,-1,-1,False,True,False,False
direwolf-github/ephemeral-ci-2a3064f0,-1,-1,-1,False,True,False,False
direwolf-github/ephemeral-ci-2a306eea,-1,-1,-1,False,True,False,False
direwolf-github/ephemeral-ci-2a30757e,-1,-1,-1,False,True,False,False
direwolf-github/ephemeral-ci-2a308576,-1,-1,-1,False,True,False,False
direwolf-github/ephemeral-ci-2a309405,-1,-1,-1,False,True,False,False
direwolf-github/ephemeral-ci-2a309a11,-1,-1,-1,False,True,False,False
direwolf-github/ephemeral-ci-2a309f6b,-1,-1,-1,False,True,False,False
direwolf-github/ephemeral-ci-2a30a3d9,-1,-1,-1,False,True,False,False
direwolf-github/ephemeral-ci-2a30a6f1,-1,-1,-1,False,True,False,False
direwolf-github/ephemeral-ci-2a30b617,-1,-1,-1,False,True,False,False
direwolf-github/ephemeral-ci-2a30b73c,-1,-1,-1,False,True,False,False
direwolf-github/ephemeral-ci-2a30bb37,-1,-1,-1,False,True,False,False
direwolf-github/ephemeral-ci-2a30c59a,-1,-1,-1,False,True,False,False
direwolf-github/ephemeral-ci-2a30dfa9,-1,-1,-1,False,True,False,False
direwolf-github/ephemeral-ci-2a30f08f,-1,-1,-1,False,True,False,False
direwolf-github/ephemeral-ci-2a30f3eb,-1,-1,-1,False,True,False,False
direwolf-github/ephemeral-ci-2a30f4d8,-1,-1,-1,False,True,False,False
direwolf-github/ephemeral-ci-2a31039c,-1,-1,-1,False,True,False,False
direwolf-github/ephemeral-ci-2a3110ee,-1,-1,-1,False,True,False,False
direwolf-github/ephemeral-ci-2a31115b,-1,-1,-1,False,True,False,False
direwolf-github/ephemeral-ci-2a3113e9,-1,-1,-1,False,True,False,False
direwolf-github/ephemeral-ci-2a3122c1,-1,-1,-1,False,True,False,False
direwolf-github/ephemeral-ci-2a3124a0,-1,-1,-1,False,True,False,False
direwolf-github/ephemeral-ci-2a312878,-1,-1,-1,False,True,False,False
direwolf-github/ephemeral-ci-2a312e73,-1,-1,-1,False,True,False,False
direwolf-github/ephemeral-ci-2a31326e,-1,-1,-1,False,True,False,False
direwolf-github/ephemeral-ci-2a313879,-1,-1,-1,False,True,False,False
direwolf-github/ephemeral-ci-2a314557,-1,-1,-1,False,True,False,False
direwolf-github/ephemeral-ci-2a315fff,-1,-1,-1,False,True,False,False
direwolf-github/ephemeral-ci-2a3182f9,-1,-1,-1,False,True,False,False
direwolf-github/ephemeral-ci-2a318ae1,-1,-1,-1,False,True,False,False
direwolf-github/ephemeral-ci-2a3192a2,-1,-1,-1,False,True,False,False
direwolf-github/ephemeral-ci-2a3194a1,-1,-1,-1,False,True,False,False
direwolf-github/ephemeral-ci-2a319b5e,-1,-1,-1,False,True,False,False
direwolf-github/ephemeral-ci-2a319e5f,-1,-1,-1,False,True,False,False
direwolf-github/ephemeral-ci-2a31b1fb,-1,-1,-1,False,True,False,False
direwolf-github/ephemeral-ci-2a31bb84,-1,-1,-1,False,True,False,False
direwolf-github/ephemeral-ci-2a31c07e,-1,-1,-1,False,True,False,False
direwolf-github/ephemeral-ci-2a31c822,-1,-1,-1,False,True,False,False
direwolf-github/ephemeral-ci-2a31c9af,-1,-1,-1,False,True,False,False
direwolf-github/ephemeral-ci-2a31cba8,-1,-1,-1,False,True,False,False
direwolf-github/ephemeral-ci-2a31ccb8,-1,-1,-1,False,True,False,False
direwolf-github/ephemeral-ci-2a31d81a,-1,-1,-1,False,True,False,False
direwolf-github/ephemeral-ci-2a31ec0b,-1,-1,-1,False,True,False,False
direwolf-github/ephemeral-ci-2a31f6cd,-1,-1,-1,False,True,False,False
direwolf-github/ephemeral-ci-2a3200cf,-1,-1,-1,False,True,False,False
direwolf-github/ephemeral-ci-2a320615,-1,-1,-1,False,True,False,False
direwolf-github/ephemeral-ci-2a320fd4,-1,-1,-1,False,True,False,False
direwolf-github/ephemeral-ci-2a32249d,-1,-1,-1,False,True,False,False
direwolf-github/ephemeral-ci-2a322a10,-1,-1,-1,False,True,False,False
direwolf-github/ephemeral-ci-2a323500,-1,-1,-1,False,True,False,False
direwolf-github/ephemeral-ci-2a3236fa,-1,-1,-1,False,True,False,False
direwolf-github/ephemeral-ci-2a323c20,-1,-1,-1,False,True,False,False
direwolf-github/ephemeral-ci-2a325216,-1,-1,-1,False,True,False,False
direwolf-github/ephemeral-ci-2a32564d,-1,-1,-1,False,True,False,False
direwolf-github/ephemeral-ci-2a325a8c,-1,-1,-1,False,True,False,False
direwolf-github/ephemeral-ci-2a326d9e,-1,-1,-1,False,True,False,False
direwolf-github/ephemeral-ci-2a3282ce,-1,-1,-1,False,True,False,False
direwolf-github/ephemeral-ci-2a3282d3,-1,-1,-1,False,True,False,False
direwolf-github/ephemeral-ci-2a3284aa,-1,-1,-1,False,True,False,False
direwolf-github/ephemeral-ci-2a329f61,-1,-1,-1,False,True,False,False
direwolf-github/ephemeral-ci-2a32a114,-1,-1,-1,False,True,False,False
direwolf-github/ephemeral-ci-2a32a45e,-1,-1,-1,False,True,False,False
direwolf-github/ephemeral-ci-2a32a902,-1,-1,-1,False,True,False,False
direwolf-github/ephemeral-ci-2a32b0e4,-1,-1,-1,False,True,False,False
direwolf-github/ephemeral-ci-2a32b56c,-1,-1,-1,False,True,False,False
direwolf-github/ephemeral-ci-2a32bc2e,-1,-1,-1,False,True,False,False
direwolf-github/ephemeral-ci-2a32c0ba,-1,-1,-1,False,True,False,False
direwolf-github/ephemeral-ci-2a32cc7f,-1,-1,-1,False,True,False,False
direwolf-github/ephemeral-ci-2a32ce27,-1,-1,-1,False,True,False,False
direwolf-github/ephemeral-ci-2a32da93,-1,-1,-1,False,True,False,False
direwolf-github/ephemeral-ci-2a32f3dc,-1,-1,-1,False,True,False,False
direwolf-github/ephemeral-ci-2a32fadf,-1,-1,-1,False,True,False,False
direwolf-github/ephemeral-ci-2a330d89,-1,-1,-1,False,True,False,False
direwolf-github/ephemeral-ci-2a330dfe,-1,-1,-1,False,True,False,False
direwolf-github/ephemeral-ci-2a33205b,-1,-1,-1,False,True,False,False
direwolf-github/ephemeral-ci-2a33269a,-1,-1,-1,False,True,False,False
direwolf-github/ephemeral-ci-2a332bba,-1,-1,-1,False,True,False,False
direwolf-github/ephemeral-ci-2a332ff5,-1,-1,-1,False,True,False,False
direwolf-github/ephemeral-ci-2a335045,-1,-1,-1,False,True,False,False
direwolf-github/ephemeral-ci-2a336975,-1,-1,-1,False,True,False,False
direwolf-github/ephemeral-ci-2a338199,-1,-1,-1,False,True,False,False
direwolf-github/ephemeral-ci-2a3383ec,-1,-1,-1,False,True,False,False
direwolf-github/ephemeral-ci-2a338fa7,-1,-1,-1,False,True,False,False
direwolf-github/ephemeral-ci-2a339bb4,-1,-1,-1,False,True,False,False
direwolf-github/ephemeral-ci-2a33a3d2,-1,-1,-1,False,True,False,False
direwolf-github/ephemeral-ci-2a33a60c,-1,-1,-1,False,True,False,False
direwolf-github/ephemeral-ci-2a33a731,-1,-1,-1,False,True,False,False
direwolf-github/ephemeral-ci-2a33aefc,-1,-1,-1,False,True,False,False
direwolf-github/ephemeral-ci-2a33b109,-1,-1,-1,False,True,False,False
direwolf-github/ephemeral-ci-2a33b34f,-1,-1,-1,False,True,False,False
direwolf-github/ephemeral-ci-2a33b51a,-1,-1,-1,False,True,False,False
direwolf-github/ephemeral-ci-2a33b560,-1,-1,-1,False,True,False,False
direwolf-github/ephemeral-ci-2a33cea8,-1,-1,-1,False,True,False,False
direwolf-github/ephemeral-ci-2a33ef6a,-1,-1,-1,False,True,False,False
direwolf-github/ephemeral-ci-2a33f051,-1,-1,-1,False,True,False,False
direwolf-github/ephemeral-ci-2a33f2a1,-1,-1,-1,False,True,False,False
direwolf-github/ephemeral-ci-2a340528,-1,-1,-1,False,True,False,False
direwolf-github/ephemeral-ci-2a340cd9,-1,-1,-1,False,True,False,False
direwolf-github/ephemeral-ci-2a3411f2,-1,-1,-1,False,True,False,False
direwolf-github/ephemeral-ci-2a3428fe,-1,-1,-1,False,True,False,False
direwolf-github/ephemeral-ci-2a342a98,-1,-1,-1,False,True,False,False
direwolf-github/ephemeral-ci-2a3437b8,-1,-1,-1,False,True,False,False
direwolf-github/ephemeral-ci-2a34413a,-1,-1,-1,False,True,False,False
direwolf-github/ephemeral-ci-2a345e98,-1,-1,-1,False,True,False,False
direwolf-github/ephemeral-ci-2a3471c6,-1,-1,-1,False,True,False,False
direwolf-github/ephemeral-ci-2a348066,-1,-1,-1,False,True,False,False
direwolf-github/ephemeral-ci-2a349ea2,-1,-1,-1,False,True,False,False
direwolf-github/ephemeral-ci-2a34acdb,-1,-1,-1,False,True,False,False
direwolf-github/ephemeral-ci-2a34c0d2,-1,-1,-1,False,True,False,False
direwolf-github/ephemeral-ci-2a34e022,-1,-1,-1,False,True,False,False
direwolf-github/ephemeral-ci-2a34e1d4,-1,-1,-1,False,True,False,False
direwolf-github/ephemeral-ci-2a34e453,-1,-1,-1,False,True,False,False
direwolf-github/ephemeral-ci-2a34f1f7,-1,-1,-1,False,True,False,False
direwolf-github/ephemeral-ci-2a34fa1e,-1,-1,-1,False,True,False,False
direwolf-github/ephemeral-ci-2a350e9f,-1,-1,-1,False,True,False,False
direwolf-github/ephemeral-ci-2a350f57,-1,-1,-1,False,True,False,False
direwolf-github/ephemeral-ci-2a3511ba,-1,-1,-1,False,True,False,False
direwolf-github/ephemeral-ci-2a351d27,-1,-1,-1,False,True,False,False
direwolf-github/ephemeral-ci-2a3529a1,-1,-1,-1,False,True,False,False
direwolf-github/ephemeral-ci-2a3535b2,-1,-1,-1,False,True,False,False
direwolf-github/ephemeral-ci-2a356c02,-1,-1,-1,False,True,False,False
direwolf-github/ephemeral-ci-2a357823,-1,-1,-1,False,True,False,False
direwolf-github/ephemeral-ci-2a357a52,-1,-1,-1,False,True,False,False
direwolf-github/ephemeral-ci-2a358a36,-1,-1,-1,False,True,False,False
direwolf-github/ephemeral-ci-2a359470,-1,-1,-1,False,True,False,False
direwolf-github/ephemeral-ci-2a3594fb,-1,-1,-1,False,True,False,False
direwolf-github/ephemeral-ci-2a35b0d5,-1,-1,-1,False,True,False,False
direwolf-github/ephemeral-ci-2a35bfc6,-1,-1,-1,False,True,False,False
direwolf-github/ephemeral-ci-2a35c4d1,-1,-1,-1,False,True,False,False
direwolf-github/ephemeral-ci-2a35ce08,-1,-1,-1,False,True,False,False
direwolf-github/ephemeral-ci-2a35ddae,-1,-1,-1,False,True,False,False
direwolf-github/ephemeral-ci-2a35eaab,-1,-1,-1,False,True,False,False
direwolf-github/ephemeral-ci-2a35fe96,-1,-1,-1,False,True,False,False
direwolf-github/ephemeral-ci-2a360ec4,-1,-1,-1,False,True,False,False
direwolf-github/ephemeral-ci-2a360f24,-1,-1,-1,False,True,False,False
direwolf-github/ephemeral-ci-2a362c80,-1,-1,-1,False,True,False,False
direwolf-github/ephemeral-ci-2a363314,-1,-1,-1,False,True,False,False
direwolf-github/ephemeral-ci-2a364262,-1,-1,-1,False,True,False,False
direwolf-github/ephemeral-ci-2a36434c,-1,-1,-1,False,True,False,False
direwolf-github/ephemeral-ci-2a3647af,-1,-1,-1,False,True,False,False
direwolf-github/ephemeral-ci-2a366f09,-1,-1,-1,False,True,False,False
direwolf-github/ephemeral-ci-2a366f2b,-1,-1,-1,False,True,False,False
direwolf-github/ephemeral-ci-2a367e35,-1,-1,-1,False,True,False,False
direwolf-github/ephemeral-ci-2a36899e,-1,-1,-1,False,True,False,False
direwolf-github/ephemeral-ci-2a368a39,-1,-1,-1,False,True,False,False
direwolf-github/ephemeral-ci-2a369ccc,-1,-1,-1,False,True,False,False
direwolf-github/ephemeral-ci-2a36a017,-1,-1,-1,False,True,False,False
direwolf-github/ephemeral-ci-2a36a1b0,-1,-1,-1,False,True,False,False
direwolf-github/ephemeral-ci-2a36c4b1,-1,-1,-1,False,True,False,False
direwolf-github/ephemeral-ci-2a36d516,-1,-1,-1,False,True,False,False
direwolf-github/ephemeral-ci-2a36d651,-1,-1,-1,False,True,False,False
direwolf-github/ephemeral-ci-2a36daa4,-1,-1,-1,False,True,False,False
direwolf-github/ephemeral-ci-2a36dab1,-1,-1,-1,False,True,False,False
direwolf-github/ephemeral-ci-2a36eb7e,-1,-1,-1,False,True,False,False
direwolf-github/ephemeral-ci-2a3707e8,-1,-1,-1,False,True,False,False
direwolf-github/ephemeral-ci-2a37153c,-1,-1,-1,False,True,False,False
direwolf-github/ephemeral-ci-2a373826,-1,-1,-1,False,True,False,False
direwolf-github/ephemeral-ci-2a373873,-1,-1,-1,False,True,False,False
direwolf-github/ephemeral-ci-2a3750ac,-1,-1,-1,False,True,False,False
direwolf-github/ephemeral-ci-2a37554d,-1,-1,-1,False,True,False,False
direwolf-github/ephemeral-ci-2a3758ac,-1,-1,-1,False,True,False,False
direwolf-github/ephemeral-ci-2a375d3f,-1,-1,-1,False,True,False,False
direwolf-github/ephemeral-ci-2a375e7a,-1,-1,-1,False,True,False,False
direwolf-github/ephemeral-ci-2a376538,-1,-1,-1,False,True,False,False
direwolf-github/ephemeral-ci-2a377038,-1,-1,-1,False,True,False,False
direwolf-github/ephemeral-ci-2a3774d5,-1,-1,-1,False,True,False,False
direwolf-github/ephemeral-ci-2a377594,-1,-1,-1,False,True,False,False
direwolf-github/ephemeral-ci-2a377a04,-1,-1,-1,False,True,False,False
direwolf-github/ephemeral-ci-2a3789f0,-1,-1,-1,False,True,False,False
direwolf-github/ephemeral-ci-2a37905c,-1,-1,-1,False,True,False,False
direwolf-github/ephemeral-ci-2a379c41,-1,-1,-1,False,True,False,False
direwolf-github/ephemeral-ci-2a379e95,-1,-1,-1,False,True,False,False
direwolf-github/ephemeral-ci-2a37a48d,-1,-1,-1,False,True,False,False
direwolf-github/ephemeral-ci-2a37a734,-1,-1,-1,False,True,False,False
direwolf-github/ephemeral-ci-2a37a7e9,-1,-1,-1,False,True,False,False
direwolf-github/ephemeral-ci-2a37ac5c,-1,-1,-1,False,True,False,False
direwolf-github/ephemeral-ci-2a37bbf7,-1,-1,-1,False,True,False,False
direwolf-github/ephemeral-ci-2a37c1cc,-1,-1,-1,False,True,False,False
direwolf-github/ephemeral-ci-2a37c669,-1,-1,-1,False,True,False,False
direwolf-github/ephemeral-ci-2a37ce8b,-1,-1,-1,False,True,False,False
direwolf-github/ephemeral-ci-2a37cea0,-1,-1,-1,False,True,False,False
direwolf-github/ephemeral-ci-2a37d02e,-1,-1,-1,False,True,False,False
direwolf-github/ephemeral-ci-2a37d1b1,-1,-1,-1,False,True,False,False
direwolf-github/ephemeral-ci-2a37d443,-1,-1,-1,False,True,False,False
direwolf-github/ephemeral-ci-2a37d6b7,-1,-1,-1,False,True,False,False
direwolf-github/ephemeral-ci-2a37d7ee,-1,-1,-1,False,True,False,False
direwolf-github/ephemeral-ci-2a37f1e2,-1,-1,-1,False,True,False,False
direwolf-github/ephemeral-ci-2a37f838,-1,-1,-1,False,True,False,False
direwolf-github/ephemeral-ci-2a380c76,-1,-1,-1,False,True,False,False
direwolf-github/ephemeral-ci-2a3820ef,-1,-1,-1,False,True,False,False
direwolf-github/ephemeral-ci-2a3822b5,-1,-1,-1,False,True,False,False
direwolf-github/ephemeral-ci-2a38300b,-1,-1,-1,False,True,False,False
direwolf-github/ephemeral-ci-2a3830f8,-1,-1,-1,False,True,False,False
direwolf-github/ephemeral-ci-2a383de2,-1,-1,-1,False,True,False,False
direwolf-github/ephemeral-ci-2a384a62,-1,-1,-1,False,True,False,False
direwolf-github/ephemeral-ci-2a38560d,-1,-1,-1,False,True,False,False
direwolf-github/ephemeral-ci-2a38578f,-1,-1,-1,False,True,False,False
direwolf-github/ephemeral-ci-2a3867ca,-1,-1,-1,False,True,False,False
direwolf-github/ephemeral-ci-2a386edd,-1,-1,-1,False,True,False,False
direwolf-github/ephemeral-ci-2a38792e,-1,-1,-1,False,True,False,False
direwolf-github/ephemeral-ci-2a388833,-1,-1,-1,False,True,False,False
direwolf-github/ephemeral-ci-2a3894d2,-1,-1,-1,False,True,False,False
direwolf-github/ephemeral-ci-2a3895b7,-1,-1,-1,False,True,False,False
direwolf-github/ephemeral-ci-2a38a346,-1,-1,-1,False,True,False,False
direwolf-github/ephemeral-ci-2a38a532,-1,-1,-1,False,True,False,False
direwolf-github/ephemeral-ci-2a38b0d8,-1,-1,-1,False,True,False,False
direwolf-github/ephemeral-ci-2a38b8b4,-1,-1,-1,False,True,False,False
direwolf-github/ephemeral-ci-2a38baab,-1,-1,-1,False,True,False,False
direwolf-github/ephemeral-ci-2a38c0f1,-1,-1,-1,False,True,False,False
direwolf-github/ephemeral-ci-2a38c7ce,-1,-1,-1,False,True,False,False
direwolf-github/ephemeral-ci-2a38cb26,-1,-1,-1,False,True,False,False
direwolf-github/ephemeral-ci-2a38df2e,-1,-1,-1,False,True,False,False
direwolf-github/ephemeral-ci-2a38fd5d,-1,-1,-1,False,True,False,False
direwolf-github/ephemeral-ci-2a390b1b,-1,-1,-1,False,True,False,False
direwolf-github/ephemeral-ci-2a39188c,-1,-1,-1,False,True,False,False
direwolf-github/ephemeral-ci-2a3923c8,-1,-1,-1,False,True,False,False
direwolf-github/ephemeral-ci-2a393c20,-1,-1,-1,False,True,False,False
direwolf-github/ephemeral-ci-2a3944bc,-1,-1,-1,False,True,False,False
direwolf-github/ephemeral-ci-2a394532,-1,-1,-1,False,True,False,False
direwolf-github/ephemeral-ci-2a394601,-1,-1,-1,False,True,False,False
direwolf-github/ephemeral-ci-2a394736,-1,-1,-1,False,True,False,False
direwolf-github/ephemeral-ci-2a39489f,-1,-1,-1,False,True,False,False
direwolf-github/ephemeral-ci-2a395aa9,-1,-1,-1,False,True,False,False
direwolf-github/ephemeral-ci-2a395eb7,-1,-1,-1,False,True,False,False
direwolf-github/ephemeral-ci-2a39680f,-1,-1,-1,False,True,False,False
direwolf-github/ephemeral-ci-2a397c20,-1,-1,-1,False,True,False,False
direwolf-github/ephemeral-ci-2a397cd3,-1,-1,-1,False,True,False,False
direwolf-github/ephemeral-ci-2a398a72,-1,-1,-1,False,True,False,False
direwolf-github/ephemeral-ci-2a39971d,-1,-1,-1,False,True,False,False
direwolf-github/ephemeral-ci-2a399895,-1,-1,-1,False,True,False,False
direwolf-github/ephemeral-ci-2a39aae6,-1,-1,-1,False,True,False,False
direwolf-github/ephemeral-ci-2a39acd9,-1,-1,-1,False,True,False,False
direwolf-github/ephemeral-ci-2a39ad07,-1,-1,-1,False,True,False,False
direwolf-github/ephemeral-ci-2a39ad58,-1,-1,-1,False,True,False,False
direwolf-github/ephemeral-ci-2a39d5a9,-1,-1,-1,False,True,False,False
direwolf-github/ephemeral-ci-2a39db36,-1,-1,-1,False,True,False,False
direwolf-github/ephemeral-ci-2a39ef80,-1,-1,-1,False,True,False,False
direwolf-github/ephemeral-ci-2a39fdba,-1,-1,-1,False,True,False,False
direwolf-github/ephemeral-ci-2a3a061f,-1,-1,-1,False,True,False,False
direwolf-github/ephemeral-ci-2a3a0a85,-1,-1,-1,False,True,False,False
direwolf-github/ephemeral-ci-2a3a1278,-1,-1,-1,False,True,False,False
direwolf-github/ephemeral-ci-2a3a2291,-1,-1,-1,False,True,False,False
direwolf-github/ephemeral-ci-2a3a2770,-1,-1,-1,False,True,False,False
direwolf-github/ephemeral-ci-2a3a2993,-1,-1,-1,False,True,False,False
direwolf-github/ephemeral-ci-2a3a2e8d,-1,-1,-1,False,True,False,False
direwolf-github/ephemeral-ci-2a3a49c2,-1,-1,-1,False,True,False,False
direwolf-github/ephemeral-ci-2a3a4c34,-1,-1,-1,False,True,False,False
direwolf-github/ephemeral-ci-2a3a52d2,-1,-1,-1,False,True,False,False
direwolf-github/ephemeral-ci-2a3a56ff,-1,-1,-1,False,True,False,False
direwolf-github/ephemeral-ci-2a3a5ab1,-1,-1,-1,False,True,False,False
direwolf-github/ephemeral-ci-2a3a6cff,-1,-1,-1,False,True,False,False
direwolf-github/ephemeral-ci-2a3a6fd3,-1,-1,-1,False,True,False,False
direwolf-github/ephemeral-ci-2a3a7260,-1,-1,-1,False,True,False,False
direwolf-github/ephemeral-ci-2a3aa933,-1,-1,-1,False,True,False,False
direwolf-github/ephemeral-ci-2a3aa94d,-1,-1,-1,False,True,False,False
direwolf-github/ephemeral-ci-2a3aab66,-1,-1,-1,False,True,False,False
direwolf-github/ephemeral-ci-2a3aae96,-1,-1,-1,False,True,False,False
direwolf-github/ephemeral-ci-2a3ab614,-1,-1,-1,False,True,False,False
direwolf-github/ephemeral-ci-2a3aca17,-1,-1,-1,False,True,False,False
direwolf-github/ephemeral-ci-2a3ad682,-1,-1,-1,False,True,False,False
direwolf-github/ephemeral-ci-2a3adb15,-1,-1,-1,False,True,False,False
direwolf-github/ephemeral-ci-2a3ae1f7,-1,-1,-1,False,True,False,False
direwolf-github/ephemeral-ci-2a3aebd5,-1,-1,-1,False,True,False,False
direwolf-github/ephemeral-ci-2a3af31a,-1,-1,-1,False,True,False,False
direwolf-github/ephemeral-ci-2a3b03df,-1,-1,-1,False,True,False,False
direwolf-github/ephemeral-ci-2a3b0989,-1,-1,-1,False,True,False,False
direwolf-github/ephemeral-ci-2a3b0b7b,-1,-1,-1,False,True,False,False
direwolf-github/ephemeral-ci-2a3b1ab7,-1,-1,-1,False,True,False,False
direwolf-github/ephemeral-ci-2a3b1fa8,-1,-1,-1,False,True,False,False
direwolf-github/ephemeral-ci-2a3b2157,-1,-1,-1,False,True,False,False
direwolf-github/ephemeral-ci-2a3b2a14,-1,-1,-1,False,True,False,False
direwolf-github/ephemeral-ci-2a3b42b5,-1,-1,-1,False,True,False,False
direwolf-github/ephemeral-ci-2a3b545c,-1,-1,-1,False,True,False,False
direwolf-github/ephemeral-ci-2a3b5ad1,-1,-1,-1,False,True,False,False
direwolf-github/ephemeral-ci-2a3b6d7c,-1,-1,-1,False,True,False,False
direwolf-github/ephemeral-ci-2a3b705e,-1,-1,-1,False,True,False,False
direwolf-github/ephemeral-ci-2a3b7362,-1,-1,-1,False,True,False,False
direwolf-github/ephemeral-ci-2a3b76a2,-1,-1,-1,False,True,False,False
direwolf-github/ephemeral-ci-2a3b76cf,-1,-1,-1,False,True,False,False
direwolf-github/ephemeral-ci-2a3b7be8,-1,-1,-1,False,True,False,False
direwolf-github/ephemeral-ci-2a3b83c0,-1,-1,-1,False,True,False,False
direwolf-github/ephemeral-ci-2a3b8d5d,-1,-1,-1,False,True,False,False
direwolf-github/ephemeral-ci-2a3b9431,-1,-1,-1,False,True,False,False
direwolf-github/ephemeral-ci-2a3b97b7,-1,-1,-1,False,True,False,False
direwolf-github/ephemeral-ci-2a3bac73,-1,-1,-1,False,True,False,False
direwolf-github/ephemeral-ci-2a3bbc6c,-1,-1,-1,False,True,False,False
direwolf-github/ephemeral-ci-2a3bc7f4,-1,-1,-1,False,True,False,False
direwolf-github/ephemeral-ci-2a3bc804,-1,-1,-1,False,True,False,False
direwolf-github/ephemeral-ci-2a3bdb1b,-1,-1,-1,False,True,False,False
direwolf-github/ephemeral-ci-2a3bdc57,-1,-1,-1,False,True,False,False
direwolf-github/ephemeral-ci-2a3bdd7d,-1,-1,-1,False,True,False,False
direwolf-github/ephemeral-ci-2a3bdd8b,-1,-1,-1,False,True,False,False
direwolf-github/ephemeral-ci-2a3c0717,-1,-1,-1,False,True,False,False
direwolf-github/ephemeral-ci-2a3c0f6c,-1,-1,-1,False,True,False,False
direwolf-github/ephemeral-ci-2a3c12c7,-1,-1,-1,False,True,False,False
direwolf-github/ephemeral-ci-2a3c12c9,-1,-1,-1,False,True,False,False
direwolf-github/ephemeral-ci-2a3c14fb,-1,-1,-1,False,True,False,False
direwolf-github/ephemeral-ci-2a3c1bdd,-1,-1,-1,False,True,False,False
direwolf-github/ephemeral-ci-2a3c1ced,-1,-1,-1,False,True,False,False
direwolf-github/ephemeral-ci-2a3c27f5,-1,-1,-1,False,True,False,False
direwolf-github/ephemeral-ci-2a3c2888,-1,-1,-1,False,True,False,False
direwolf-github/ephemeral-ci-2a3c3807,-1,-1,-1,False,True,False,False
direwolf-github/ephemeral-ci-2a3c3a58,-1,-1,-1,False,True,False,False
direwolf-github/ephemeral-ci-2a3c4347,-1,-1,-1,False,True,False,False
direwolf-github/ephemeral-ci-2a3c542c,-1,-1,-1,False,True,False,False
direwolf-github/ephemeral-ci-2a3c69af,-1,-1,-1,False,True,False,False
direwolf-github/ephemeral-ci-2a3c74ad,-1,-1,-1,False,True,False,False
direwolf-github/ephemeral-ci-2a3c82a8,-1,-1,-1,False,True,False,False
direwolf-github/ephemeral-ci-2a3c887f,-1,-1,-1,False,True,False,False
direwolf-github/ephemeral-ci-2a3c990b,-1,-1,-1,False,True,False,False
direwolf-github/ephemeral-ci-2a3c9ddc,-1,-1,-1,False,True,False,False
direwolf-github/ephemeral-ci-2a3ca351,-1,-1,-1,False,True,False,False
direwolf-github/ephemeral-ci-2a3ca474,-1,-1,-1,False,True,False,False
direwolf-github/ephemeral-ci-2a3ca496,-1,-1,-1,False,True,False,False
direwolf-github/ephemeral-ci-2a3ca9ff,-1,-1,-1,False,True,False,False
direwolf-github/ephemeral-ci-2a3cb406,-1,-1,-1,False,True,False,False
direwolf-github/ephemeral-ci-2a3cb809,-1,-1,-1,False,True,False,False
direwolf-github/ephemeral-ci-2a3cdd5f,-1,-1,-1,False,True,False,False
direwolf-github/ephemeral-ci-2a3ce07f,-1,-1,-1,False,True,False,False
direwolf-github/ephemeral-ci-2a3ce83b,-1,-1,-1,False,True,False,False
direwolf-github/ephemeral-ci-2a3cfd2f,-1,-1,-1,False,True,False,False
direwolf-github/ephemeral-ci-2a3d00d9,-1,-1,-1,False,True,False,False
direwolf-github/ephemeral-ci-2a3d0aca,-1,-1,-1,False,True,False,False
direwolf-github/ephemeral-ci-2a3d20ea,-1,-1,-1,False,True,False,False
direwolf-github/ephemeral-ci-2a3d27fc,-1,-1,-1,False,True,False,False
direwolf-github/ephemeral-ci-2a3d2a8e,-1,-1,-1,False,True,False,False
direwolf-github/ephemeral-ci-2a3d3617,-1,-1,-1,False,True,False,False
direwolf-github/ephemeral-ci-2a3d436e,-1,-1,-1,False,True,False,False
direwolf-github/ephemeral-ci-2a3d45b4,-1,-1,-1,False,True,False,False
direwolf-github/ephemeral-ci-2a3d4ad0,-1,-1,-1,False,True,False,False
direwolf-github/ephemeral-ci-2a3d508b,-1,-1,-1,False,True,False,False
direwolf-github/ephemeral-ci-2a3d527c,-1,-1,-1,False,True,False,False
direwolf-github/ephemeral-ci-2a3d555c,-1,-1,-1,False,True,False,False
direwolf-github/ephemeral-ci-2a3d5572,-1,-1,-1,False,True,False,False
direwolf-github/ephemeral-ci-2a3d5c9a,-1,-1,-1,False,True,False,False
direwolf-github/ephemeral-ci-2a3d62c7,-1,-1,-1,False,True,False,False
direwolf-github/ephemeral-ci-2a3d6ae8,-1,-1,-1,False,True,False,False
direwolf-github/ephemeral-ci-2a3d780b,-1,-1,-1,False,True,False,False
direwolf-github/ephemeral-ci-2a3da5d2,-1,-1,-1,False,True,False,False
direwolf-github/ephemeral-ci-2a3da64c,-1,-1,-1,False,True,False,False
direwolf-github/ephemeral-ci-2a3daa2b,-1,-1,-1,False,True,False,False
direwolf-github/ephemeral-ci-2a3db070,-1,-1,-1,False,True,False,False
direwolf-github/ephemeral-ci-2a3db72c,-1,-1,-1,False,True,False,False
direwolf-github/ephemeral-ci-2a3dc7a2,-1,-1,-1,False,True,False,False
direwolf-github/ephemeral-ci-2a3dc924,-1,-1,-1,False,True,False,False
direwolf-github/ephemeral-ci-2a3dc9b2,-1,-1,-1,False,True,False,False
direwolf-github/ephemeral-ci-2a3dd8d7,-1,-1,-1,False,True,False,False
direwolf-github/ephemeral-ci-2a3de843,-1,-1,-1,False,True,False,False
direwolf-github/ephemeral-ci-2a3df0af,-1,-1,-1,False,True,False,False
direwolf-github/ephemeral-ci-2a3df877,-1,-1,-1,False,True,False,False
direwolf-github/ephemeral-ci-2a3e10ca,-1,-1,-1,False,True,False,False
direwolf-github/ephemeral-ci-2a3e15fe,-1,-1,-1,False,True,False,False
direwolf-github/ephemeral-ci-2a3e32bc,-1,-1,-1,False,True,False,False
direwolf-github/ephemeral-ci-2a3e3ac1,-1,-1,-1,False,True,False,False
direwolf-github/ephemeral-ci-2a3e48d2,-1,-1,-1,False,True,False,False
direwolf-github/ephemeral-ci-2a3e4b62,-1,-1,-1,False,True,False,False
direwolf-github/ephemeral-ci-2a3e4d36,-1,-1,-1,False,True,False,False
direwolf-github/ephemeral-ci-2a3e6660,-1,-1,-1,False,True,False,False
direwolf-github/ephemeral-ci-2a3e6b88,-1,-1,-1,False,True,False,False
direwolf-github/ephemeral-ci-2a3e774d,-1,-1,-1,False,True,False,False
direwolf-github/ephemeral-ci-2a3e8ae3,-1,-1,-1,False,True,False,False
direwolf-github/ephemeral-ci-2a3e9719,-1,-1,-1,False,True,False,False
direwolf-github/ephemeral-ci-2a3e985f,-1,-1,-1,False,True,False,False
direwolf-github/ephemeral-ci-2a3ea05f,-1,-1,-1,False,True,False,False
direwolf-github/ephemeral-ci-2a3eb7a5,-1,-1,-1,False,True,False,False
direwolf-github/ephemeral-ci-2a3ebb35,-1,-1,-1,False,True,False,False
direwolf-github/ephemeral-ci-2a3ebbd1,-1,-1,-1,False,True,False,False
direwolf-github/ephemeral-ci-2a3ebca7,-1,-1,-1,False,True,False,False
direwolf-github/ephemeral-ci-2a3ebd3a,-1,-1,-1,False,True,False,False
direwolf-github/ephemeral-ci-2a3ec738,-1,-1,-1,False,True,False,False
direwolf-github/ephemeral-ci-2a3ec7e9,-1,-1,-1,False,True,False,False
direwolf-github/ephemeral-ci-2a3ecd75,-1,-1,-1,False,True,False,False
direwolf-github/ephemeral-ci-2a3ed536,-1,-1,-1,False,True,False,False
direwolf-github/ephemeral-ci-2a3ef29d,-1,-1,-1,False,True,False,False
direwolf-github/ephemeral-ci-2a3ef9cd,-1,-1,-1,False,True,False,False
direwolf-github/ephemeral-ci-2a3f05b2,-1,-1,-1,False,True,False,False
direwolf-github/ephemeral-ci-2a3f0e3c,-1,-1,-1,False,True,False,False
direwolf-github/ephemeral-ci-2a3f1bbf,-1,-1,-1,False,True,False,False
direwolf-github/ephemeral-ci-2a3f1e5d,-1,-1,-1,False,True,False,False
direwolf-github/ephemeral-ci-2a3f3251,-1,-1,-1,False,True,False,False
direwolf-github/ephemeral-ci-2a3f3549,-1,-1,-1,False,True,False,False
direwolf-github/ephemeral-ci-2a3f4173,-1,-1,-1,False,True,False,False
direwolf-github/ephemeral-ci-2a3f4331,-1,-1,-1,False,True,False,False
direwolf-github/ephemeral-ci-2a3f4cf2,-1,-1,-1,False,True,False,False
direwolf-github/ephemeral-ci-2a3f5398,-1,-1,-1,False,True,False,False
direwolf-github/ephemeral-ci-2a3f6c96,-1,-1,-1,False,True,False,False
direwolf-github/ephemeral-ci-2a3f903c,-1,-1,-1,False,True,False,False
direwolf-github/ephemeral-ci-2a3f90f9,-1,-1,-1,False,True,False,False
direwolf-github/ephemeral-ci-2a3fac65,-1,-1,-1,False,True,False,False
direwolf-github/ephemeral-ci-2a3fb1ed,-1,-1,-1,False,True,False,False
direwolf-github/ephemeral-ci-2a3fbac5,-1,-1,-1,False,True,False,False
direwolf-github/ephemeral-ci-2a3fc43e,-1,-1,-1,False,True,False,False
direwolf-github/ephemeral-ci-2a3fcedf,-1,-1,-1,False,True,False,False
direwolf-github/ephemeral-ci-2a3fd5c5,-1,-1,-1,False,True,False,False
direwolf-github/ephemeral-ci-2a3fd77a,-1,-1,-1,False,True,False,False
direwolf-github/ephemeral-ci-2a3fe976,-1,-1,-1,False,True,False,False
direwolf-github/ephemeral-ci-2a4003d7,-1,-1,-1,False,True,False,False
direwolf-github/ephemeral-ci-2a401049,-1,-1,-1,False,True,False,False
direwolf-github/ephemeral-ci-2a4010c0,-1,-1,-1,False,True,False,False
direwolf-github/ephemeral-ci-2a4035fb,-1,-1,-1,False,True,False,False
direwolf-github/ephemeral-ci-2a403662,-1,-1,-1,False,True,False,False
direwolf-github/ephemeral-ci-2a404395,-1,-1,-1,False,True,False,False
direwolf-github/ephemeral-ci-2a404c03,-1,-1,-1,False,True,False,False
direwolf-github/ephemeral-ci-2a405d04,-1,-1,-1,False,True,False,False
direwolf-github/ephemeral-ci-2a407274,-1,-1,-1,False,True,False,False
direwolf-github/ephemeral-ci-2a407b77,-1,-1,-1,False,True,False,False
direwolf-github/ephemeral-ci-2a407de0,-1,-1,-1,False,True,False,False
direwolf-github/ephemeral-ci-2a407f90,-1,-1,-1,False,True,False,False
direwolf-github/ephemeral-ci-2a408581,-1,-1,-1,False,True,False,False
direwolf-github/ephemeral-ci-2a408733,-1,-1,-1,False,True,False,False
direwolf-github/ephemeral-ci-2a408fc3,-1,-1,-1,False,True,False,False
direwolf-github/ephemeral-ci-2a409359,-1,-1,-1,False,True,False,False
direwolf-github/ephemeral-ci-2a40a5d4,-1,-1,-1,False,True,False,False
direwolf-github/ephemeral-ci-2a40aab9,-1,-1,-1,False,True,False,False
direwolf-github/ephemeral-ci-2a40ab38,-1,-1,-1,False,True,False,False
direwolf-github/ephemeral-ci-2a40b967,-1,-1,-1,False,True,False,False
direwolf-github/ephemeral-ci-2a40c3f9,-1,-1,-1,False,True,False,False
direwolf-github/ephemeral-ci-2a40c761,-1,-1,-1,False,True,False,False
direwolf-github/ephemeral-ci-2a40cb33,-1,-1,-1,False,True,False,False
direwolf-github/ephemeral-ci-2a40d1f0,-1,-1,-1,False,True,False,False
direwolf-github/ephemeral-ci-2a40e09a,-1,-1,-1,False,True,False,False
direwolf-github/ephemeral-ci-2a40e413,-1,-1,-1,False,True,False,False
direwolf-github/ephemeral-ci-2a40f800,-1,-1,-1,False,True,False,False
direwolf-github/ephemeral-ci-2a4100e4,-1,-1,-1,False,True,False,False
direwolf-github/ephemeral-ci-2a410381,-1,-1,-1,False,True,False,False
direwolf-github/ephemeral-ci-2a4106d3,-1,-1,-1,False,True,False,False
direwolf-github/ephemeral-ci-2a411954,-1,-1,-1,False,True,False,False
direwolf-github/ephemeral-ci-2a412cd9,-1,-1,-1,False,True,False,False
direwolf-github/ephemeral-ci-2a412dc9,-1,-1,-1,False,True,False,False
direwolf-github/ephemeral-ci-2a4138d7,-1,-1,-1,False,True,False,False
direwolf-github/ephemeral-ci-2a41394f,-1,-1,-1,False,True,False,False
direwolf-github/ephemeral-ci-2a413975,-1,-1,-1,False,True,False,False
direwolf-github/ephemeral-ci-2a413c1a,-1,-1,-1,False,True,False,False
direwolf-github/ephemeral-ci-2a414028,-1,-1,-1,False,True,False,False
direwolf-github/ephemeral-ci-2a4143b6,-1,-1,-1,False,True,False,False
direwolf-github/ephemeral-ci-2a414e52,-1,-1,-1,False,True,False,False
direwolf-github/ephemeral-ci-2a41502d,-1,-1,-1,False,True,False,False
direwolf-github/ephemeral-ci-2a4163ec,-1,-1,-1,False,True,False,False
direwolf-github/ephemeral-ci-2a41676e,-1,-1,-1,False,True,False,False
direwolf-github/ephemeral-ci-2a416e2d,-1,-1,-1,False,True,False,False
direwolf-github/ephemeral-ci-2a4176df,-1,-1,-1,False,True,False,False
direwolf-github/ephemeral-ci-2a417959,-1,-1,-1,False,True,False,False
direwolf-github/ephemeral-ci-2a418936,-1,-1,-1,False,True,False,False
direwolf-github/ephemeral-ci-2a4189c8,-1,-1,-1,False,True,False,False
direwolf-github/ephemeral-ci-2a41b2e0,-1,-1,-1,False,True,False,False
direwolf-github/ephemeral-ci-2a41b9e3,-1,-1,-1,False,True,False,False
direwolf-github/ephemeral-ci-2a41cee0,-1,-1,-1,False,True,False,False
direwolf-github/ephemeral-ci-2a41d9ec,-1,-1,-1,False,True,False,False
direwolf-github/ephemeral-ci-2a41dad0,-1,-1,-1,False,True,False,False
direwolf-github/ephemeral-ci-2a421134,-1,-1,-1,False,True,False,False
direwolf-github/ephemeral-ci-2a4233bd,-1,-1,-1,False,True,False,False
direwolf-github/ephemeral-ci-2a423a6f,-1,-1,-1,False,True,False,False
direwolf-github/ephemeral-ci-2a424140,-1,-1,-1,False,True,False,False
direwolf-github/ephemeral-ci-2a424357,-1,-1,-1,False,True,False,False
direwolf-github/ephemeral-ci-2a425b52,-1,-1,-1,False,True,False,False
direwolf-github/ephemeral-ci-2a4263f7,-1,-1,-1,False,True,False,False
direwolf-github/ephemeral-ci-2a42647d,-1,-1,-1,False,True,False,False
direwolf-github/ephemeral-ci-2a426e6a,-1,-1,-1,False,True,False,False
direwolf-github/ephemeral-ci-2a42771a,-1,-1,-1,False,True,False,False
direwolf-github/ephemeral-ci-2a427caf,-1,-1,-1,False,True,False,False
direwolf-github/ephemeral-ci-2a4280cd,-1,-1,-1,False,True,False,False
direwolf-github/ephemeral-ci-2a4282c9,-1,-1,-1,False,True,False,False
direwolf-github/ephemeral-ci-2a429d6b,-1,-1,-1,False,True,False,False
direwolf-github/ephemeral-ci-2a42a92a,-1,-1,-1,False,True,False,False
direwolf-github/ephemeral-ci-2a42b03e,-1,-1,-1,False,True,False,False
direwolf-github/ephemeral-ci-2a42b2d7,-1,-1,-1,False,True,False,False
direwolf-github/ephemeral-ci-2a42bfe8,-1,-1,-1,False,True,False,False
direwolf-github/ephemeral-ci-2a42c112,-1,-1,-1,False,True,False,False
direwolf-github/ephemeral-ci-2a42c359,-1,-1,-1,False,True,False,False
direwolf-github/ephemeral-ci-2a42cb3e,-1,-1,-1,False,True,False,False
direwolf-github/ephemeral-ci-2a42d845,-1,-1,-1,False,True,False,False
direwolf-github/ephemeral-ci-2a42dfab,-1,-1,-1,False,True,False,False
direwolf-github/ephemeral-ci-2a42dfb0,-1,-1,-1,False,True,False,False
direwolf-github/ephemeral-ci-2a42e8fa,-1,-1,-1,False,True,False,False
direwolf-github/ephemeral-ci-2a42ec9a,-1,-1,-1,False,True,False,False
direwolf-github/ephemeral-ci-2a42ee6d,-1,-1,-1,False,True,False,False
direwolf-github/ephemeral-ci-2a42f795,-1,-1,-1,False,True,False,False
direwolf-github/ephemeral-ci-2a42f9ee,-1,-1,-1,False,True,False,False
direwolf-github/ephemeral-ci-2a4301dd,-1,-1,-1,False,True,False,False
direwolf-github/ephemeral-ci-2a4314c8,-1,-1,-1,False,True,False,False
direwolf-github/ephemeral-ci-2a431b31,-1,-1,-1,False,True,False,False
direwolf-github/ephemeral-ci-2a432f0b,-1,-1,-1,False,True,False,False
direwolf-github/ephemeral-ci-2a4336bd,-1,-1,-1,False,True,False,False
direwolf-github/ephemeral-ci-2a434861,-1,-1,-1,False,True,False,False
direwolf-github/ephemeral-ci-2a434914,-1,-1,-1,False,True,False,False
direwolf-github/ephemeral-ci-2a434e7e,-1,-1,-1,False,True,False,False
direwolf-github/ephemeral-ci-2a4358e4,-1,-1,-1,False,True,False,False
direwolf-github/ephemeral-ci-2a4368d6,-1,-1,-1,False,True,False,False
direwolf-github/ephemeral-ci-2a43708a,-1,-1,-1,False,True,False,False
direwolf-github/ephemeral-ci-2a43769a,-1,-1,-1,False,True,False,False
direwolf-github/ephemeral-ci-2a437705,-1,-1,-1,False,True,False,False
direwolf-github/ephemeral-ci-2a437a9c,-1,-1,-1,False,True,False,False
direwolf-github/ephemeral-ci-2a4382d5,-1,-1,-1,False,True,False,False
direwolf-github/ephemeral-ci-2a4385d4,-1,-1,-1,False,True,False,False
direwolf-github/ephemeral-ci-2a438cbe,-1,-1,-1,False,True,False,False
direwolf-github/ephemeral-ci-2a43905a,-1,-1,-1,False,True,False,False
direwolf-github/ephemeral-ci-2a439cf2,-1,-1,-1,False,True,False,False
direwolf-github/ephemeral-ci-2a43a77d,-1,-1,-1,False,True,False,False
direwolf-github/ephemeral-ci-2a43b974,-1,-1,-1,False,True,False,False
direwolf-github/ephemeral-ci-2a43c707,-1,-1,-1,False,True,False,False
direwolf-github/ephemeral-ci-2a43d7df,-1,-1,-1,False,True,False,False
direwolf-github/ephemeral-ci-2a43d991,-1,-1,-1,False,True,False,False
direwolf-github/ephemeral-ci-2a43e011,-1,-1,-1,False,True,False,False
direwolf-github/ephemeral-ci-2a43e294,-1,-1,-1,False,True,False,False
direwolf-github/ephemeral-ci-2a43e5d7,-1,-1,-1,False,True,False,False
direwolf-github/ephemeral-ci-2a43e71c,-1,-1,-1,False,True,False,False
direwolf-github/ephemeral-ci-2a43ee05,-1,-1,-1,False,True,False,False
direwolf-github/ephemeral-ci-2a43ef09,-1,-1,-1,False,True,False,False
direwolf-github/ephemeral-ci-2a43ef5c,-1,-1,-1,False,True,False,False
direwolf-github/ephemeral-ci-2a43fa1d,-1,-1,-1,False,True,False,False
direwolf-github/ephemeral-ci-2a43fc85,-1,-1,-1,False,True,False,False
direwolf-github/ephemeral-ci-2a442661,-1,-1,-1,False,True,False,False
direwolf-github/ephemeral-ci-2a442a83,-1,-1,-1,False,True,False,False
direwolf-github/ephemeral-ci-2a442c4b,-1,-1,-1,False,True,False,False
direwolf-github/ephemeral-ci-2a444839,-1,-1,-1,False,True,False,False
direwolf-github/ephemeral-ci-2a445c77,-1,-1,-1,False,True,False,False
direwolf-github/ephemeral-ci-2a446483,-1,-1,-1,False,True,False,False
direwolf-github/ephemeral-ci-2a446510,-1,-1,-1,False,True,False,False
direwolf-github/ephemeral-ci-2a44668c,-1,-1,-1,False,True,False,False
direwolf-github/ephemeral-ci-2a447357,-1,-1,-1,False,True,False,False
direwolf-github/ephemeral-ci-2a449359,-1,-1,-1,False,True,False,False
direwolf-github/ephemeral-ci-2a449a1f,-1,-1,-1,False,True,False,False
direwolf-github/ephemeral-ci-2a449e97,-1,-1,-1,False,True,False,False
direwolf-github/ephemeral-ci-2a44c5f8,-1,-1,-1,False,True,False,False
direwolf-github/ephemeral-ci-2a44ca85,-1,-1,-1,False,True,False,False
direwolf-github/ephemeral-ci-2a44cbff,-1,-1,-1,False,True,False,False
direwolf-github/ephemeral-ci-2a44d7d0,-1,-1,-1,False,True,False,False
direwolf-github/ephemeral-ci-2a44db9d,-1,-1,-1,False,True,False,False
direwolf-github/ephemeral-ci-2a44dbd1,-1,-1,-1,False,True,False,False
direwolf-github/ephemeral-ci-2a44e202,-1,-1,-1,False,True,False,False
direwolf-github/ephemeral-ci-2a44fba8,-1,-1,-1,False,True,False,False
direwolf-github/ephemeral-ci-2a44fcd2,-1,-1,-1,False,True,False,False
direwolf-github/ephemeral-ci-2a44fe3c,-1,-1,-1,False,True,False,False
direwolf-github/ephemeral-ci-2a44fe8f,-1,-1,-1,False,True,False,False
direwolf-github/ephemeral-ci-2a450a35,-1,-1,-1,False,True,False,False
direwolf-github/ephemeral-ci-2a450b11,-1,-1,-1,False,True,False,False
direwolf-github/ephemeral-ci-2a450b75,-1,-1,-1,False,True,False,False
direwolf-github/ephemeral-ci-2a451289,-1,-1,-1,False,True,False,False
direwolf-github/ephemeral-ci-2a452b75,-1,-1,-1,False,True,False,False
direwolf-github/ephemeral-ci-2a452bd7,-1,-1,-1,False,True,False,False
direwolf-github/ephemeral-ci-2a4541df,-1,-1,-1,False,True,False,False
direwolf-github/ephemeral-ci-2a455e72,-1,-1,-1,False,True,False,False
direwolf-github/ephemeral-ci-2a4565e3,-1,-1,-1,False,True,False,False
direwolf-github/ephemeral-ci-2a456820,-1,-1,-1,False,True,False,False
direwolf-github/ephemeral-ci-2a45746e,-1,-1,-1,False,True,False,False
direwolf-github/ephemeral-ci-2a4574fc,-1,-1,-1,False,True,False,False
direwolf-github/ephemeral-ci-2a45783b,-1,-1,-1,False,True,False,False
direwolf-github/ephemeral-ci-2a4582f8,-1,-1,-1,False,True,False,False
direwolf-github/ephemeral-ci-2a458398,-1,-1,-1,False,True,False,False
direwolf-github/ephemeral-ci-2a4599b5,-1,-1,-1,False,True,False,False
direwolf-github/ephemeral-ci-2a459d56,-1,-1,-1,False,True,False,False
direwolf-github/ephemeral-ci-2a459ec3,-1,-1,-1,False,True,False,False
direwolf-github/ephemeral-ci-2a45a412,-1,-1,-1,False,True,False,False
direwolf-github/ephemeral-ci-2a45b827,-1,-1,-1,False,True,False,False
direwolf-github/ephemeral-ci-2a45b9be,-1,-1,-1,False,True,False,False
direwolf-github/ephemeral-ci-2a45bd5f,-1,-1,-1,False,True,False,False
direwolf-github/ephemeral-ci-2a45c8aa,-1,-1,-1,False,True,False,False
direwolf-github/ephemeral-ci-2a45d0a8,-1,-1,-1,False,True,False,False
direwolf-github/ephemeral-ci-2a45d1e2,-1,-1,-1,False,True,False,False
direwolf-github/ephemeral-ci-2a45d8b3,-1,-1,-1,False,True,False,False
direwolf-github/ephemeral-ci-2a45dcf4,-1,-1,-1,False,True,False,False
direwolf-github/ephemeral-ci-2a45fa50,-1,-1,-1,False,True,False,False
direwolf-github/ephemeral-ci-2a463317,-1,-1,-1,False,True,False,False
direwolf-github/ephemeral-ci-2a463bd2,-1,-1,-1,False,True,False,False
direwolf-github/ephemeral-ci-2a465780,-1,-1,-1,False,True,False,False
direwolf-github/ephemeral-ci-2a465886,-1,-1,-1,False,True,False,False
direwolf-github/ephemeral-ci-2a465932,-1,-1,-1,False,True,False,False
direwolf-github/ephemeral-ci-2a466381,-1,-1,-1,False,True,False,False
direwolf-github/ephemeral-ci-2a4676a3,-1,-1,-1,False,True,False,False
direwolf-github/ephemeral-ci-2a4677ec,-1,-1,-1,False,True,False,False
direwolf-github/ephemeral-ci-2a4687c4,-1,-1,-1,False,True,False,False
direwolf-github/ephemeral-ci-2a4687fc,-1,-1,-1,False,True,False,False
direwolf-github/ephemeral-ci-2a468b9a,-1,-1,-1,False,True,False,False
direwolf-github/ephemeral-ci-2a4694c7,-1,-1,-1,False,True,False,False
direwolf-github/ephemeral-ci-2a46a4c7,-1,-1,-1,False,True,False,False
direwolf-github/ephemeral-ci-2a46a800,-1,-1,-1,False,True,False,False
direwolf-github/ephemeral-ci-2a46b6a4,-1,-1,-1,False,True,False,False
direwolf-github/ephemeral-ci-2a46be5a,-1,-1,-1,False,True,False,False
direwolf-github/ephemeral-ci-2a46d702,-1,-1,-1,False,True,False,False
direwolf-github/ephemeral-ci-2a46e577,-1,-1,-1,False,True,False,False
direwolf-github/ephemeral-ci-2a46eb62,-1,-1,-1,False,True,False,False
direwolf-github/ephemeral-ci-2a46ecb5,-1,-1,-1,False,True,False,False
direwolf-github/ephemeral-ci-2a46f383,-1,-1,-1,False,True,False,False
direwolf-github/ephemeral-ci-2a47137f,-1,-1,-1,False,True,False,False
direwolf-github/ephemeral-ci-2a471464,-1,-1,-1,False,True,False,False
direwolf-github/ephemeral-ci-2a47162f,-1,-1,-1,False,True,False,False
direwolf-github/ephemeral-ci-2a4719a4,-1,-1,-1,False,True,False,False
direwolf-github/ephemeral-ci-2a471c13,-1,-1,-1,False,True,False,False
direwolf-github/ephemeral-ci-2a473167,-1,-1,-1,False,True,False,False
direwolf-github/ephemeral-ci-2a473761,-1,-1,-1,False,True,False,False
direwolf-github/ephemeral-ci-2a474552,-1,-1,-1,False,True,False,False
direwolf-github/ephemeral-ci-2a47461c,-1,-1,-1,False,True,False,False
direwolf-github/ephemeral-ci-2a475359,-1,-1,-1,False,True,False,False
direwolf-github/ephemeral-ci-2a475a09,-1,-1,-1,False,True,False,False
direwolf-github/ephemeral-ci-2a47715f,-1,-1,-1,False,True,False,False
direwolf-github/ephemeral-ci-2a477ee1,-1,-1,-1,False,True,False,False
direwolf-github/ephemeral-ci-2a478461,-1,-1,-1,False,True,False,False
direwolf-github/ephemeral-ci-2a478d7b,-1,-1,-1,False,True,False,False
direwolf-github/ephemeral-ci-2a479968,-1,-1,-1,False,True,False,False
direwolf-github/ephemeral-ci-2a47a4c0,-1,-1,-1,False,True,False,False
direwolf-github/ephemeral-ci-2a47b4a4,-1,-1,-1,False,True,False,False
direwolf-github/ephemeral-ci-2a47b52a,-1,-1,-1,False,True,False,False
direwolf-github/ephemeral-ci-2a47ba2f,-1,-1,-1,False,True,False,False
direwolf-github/ephemeral-ci-2a47bab2,-1,-1,-1,False,True,False,False
direwolf-github/ephemeral-ci-2a47c017,-1,-1,-1,False,True,False,False
direwolf-github/ephemeral-ci-2a47c821,-1,-1,-1,False,True,False,False
direwolf-github/ephemeral-ci-2a47cb02,-1,-1,-1,False,True,False,False
direwolf-github/ephemeral-ci-2a47cf05,-1,-1,-1,False,True,False,False
direwolf-github/ephemeral-ci-2a47e0b1,-1,-1,-1,False,True,False,False
direwolf-github/ephemeral-ci-2a47e603,-1,-1,-1,False,True,False,False
direwolf-github/ephemeral-ci-2a480449,-1,-1,-1,False,True,False,False
direwolf-github/ephemeral-ci-2a48052f,-1,-1,-1,False,True,False,False
direwolf-github/ephemeral-ci-2a48103a,-1,-1,-1,False,True,False,False
direwolf-github/ephemeral-ci-2a481dbe,-1,-1,-1,False,True,False,False
direwolf-github/ephemeral-ci-2a483dc7,-1,-1,-1,False,True,False,False
direwolf-github/ephemeral-ci-2a4840dc,-1,-1,-1,False,True,False,False
direwolf-github/ephemeral-ci-2a4848b2,-1,-1,-1,False,True,False,False
direwolf-github/ephemeral-ci-2a485b9b,-1,-1,-1,False,True,False,False
direwolf-github/ephemeral-ci-2a485f2c,-1,-1,-1,False,True,False,False
direwolf-github/ephemeral-ci-2a486684,-1,-1,-1,False,True,False,False
direwolf-github/ephemeral-ci-2a486834,-1,-1,-1,False,True,False,False
direwolf-github/ephemeral-ci-2a486afd,-1,-1,-1,False,True,False,False
direwolf-github/ephemeral-ci-2a487a26,-1,-1,-1,False,True,False,False
direwolf-github/ephemeral-ci-2a487fee,-1,-1,-1,False,True,False,False
direwolf-github/ephemeral-ci-2a4888ad,-1,-1,-1,False,True,False,False
direwolf-github/ephemeral-ci-2a489a46,-1,-1,-1,False,True,False,False
direwolf-github/ephemeral-ci-2a48b6f6,-1,-1,-1,False,True,False,False
direwolf-github/ephemeral-ci-2a48c4c4,-1,-1,-1,False,True,False,False
direwolf-github/ephemeral-ci-2a48cee2,-1,-1,-1,False,True,False,False
direwolf-github/ephemeral-ci-2a48d804,-1,-1,-1,False,True,False,False
direwolf-github/ephemeral-ci-2a48d8dc,-1,-1,-1,False,True,False,False
direwolf-github/ephemeral-ci-2a48e466,-1,-1,-1,False,True,False,False
direwolf-github/ephemeral-ci-2a48e7d4,-1,-1,-1,False,True,False,False
direwolf-github/ephemeral-ci-2a48eb16,-1,-1,-1,False,True,False,False
direwolf-github/ephemeral-ci-2a48f94c,-1,-1,-1,False,True,False,False
direwolf-github/ephemeral-ci-2a48fbb9,-1,-1,-1,False,True,False,False
direwolf-github/ephemeral-ci-2a490a2d,-1,-1,-1,False,True,False,False
direwolf-github/ephemeral-ci-2a4914ee,-1,-1,-1,False,True,False,False
direwolf-github/ephemeral-ci-2a49219c,-1,-1,-1,False,True,False,False
direwolf-github/ephemeral-ci-2a4929a0,-1,-1,-1,False,True,False,False
direwolf-github/ephemeral-ci-2a492f64,-1,-1,-1,False,True,False,False
direwolf-github/ephemeral-ci-2a493441,-1,-1,-1,False,True,False,False
direwolf-github/ephemeral-ci-2a493dd5,-1,-1,-1,False,True,False,False
direwolf-github/ephemeral-ci-2a4942cd,-1,-1,-1,False,True,False,False
direwolf-github/ephemeral-ci-2a49475b,-1,-1,-1,False,True,False,False
direwolf-github/ephemeral-ci-2a495e7e,-1,-1,-1,False,True,False,False
direwolf-github/ephemeral-ci-2a496780,-1,-1,-1,False,True,False,False
direwolf-github/ephemeral-ci-2a497aaa,-1,-1,-1,False,True,False,False
direwolf-github/ephemeral-ci-2a497f4c,-1,-1,-1,False,True,False,False
direwolf-github/ephemeral-ci-2a49887f,-1,-1,-1,False,True,False,False
direwolf-github/ephemeral-ci-2a498897,-1,-1,-1,False,True,False,False
direwolf-github/ephemeral-ci-2a498c5a,-1,-1,-1,False,True,False,False
direwolf-github/ephemeral-ci-2a499419,-1,-1,-1,False,True,False,False
direwolf-github/ephemeral-ci-2a499788,-1,-1,-1,False,True,False,False
direwolf-github/ephemeral-ci-2a49a3a0,-1,-1,-1,False,True,False,False
direwolf-github/ephemeral-ci-2a49b371,-1,-1,-1,False,True,False,False
direwolf-github/ephemeral-ci-2a49c2c7,-1,-1,-1,False,True,False,False
direwolf-github/ephemeral-ci-2a49c4f0,-1,-1,-1,False,True,False,False
direwolf-github/ephemeral-ci-2a49c5a6,-1,-1,-1,False,True,False,False
direwolf-github/ephemeral-ci-2a49c9e1,-1,-1,-1,False,True,False,False
direwolf-github/ephemeral-ci-2a49d0e3,-1,-1,-1,False,True,False,False
direwolf-github/ephemeral-ci-2a49d2fb,-1,-1,-1,False,True,False,False
direwolf-github/ephemeral-ci-2a49dd84,-1,-1,-1,False,True,False,False
direwolf-github/ephemeral-ci-2a49de36,-1,-1,-1,False,True,False,False
direwolf-github/ephemeral-ci-2a49df88,-1,-1,-1,False,True,False,False
direwolf-github/ephemeral-ci-2a49f2bd,-1,-1,-1,False,True,False,False
direwolf-github/ephemeral-ci-2a4a056c,-1,-1,-1,False,True,False,False
direwolf-github/ephemeral-ci-2a4a092c,-1,-1,-1,False,True,False,False
direwolf-github/ephemeral-ci-2a4a0a13,-1,-1,-1,False,True,False,False
direwolf-github/ephemeral-ci-2a4a0a21,-1,-1,-1,False,True,False,False
direwolf-github/ephemeral-ci-2a4a0d81,-1,-1,-1,False,True,False,False
direwolf-github/ephemeral-ci-2a4a117f,-1,-1,-1,False,True,False,False
direwolf-github/ephemeral-ci-2a4a20fa,-1,-1,-1,False,True,False,False
direwolf-github/ephemeral-ci-2a4a26a6,-1,-1,-1,False,True,False,False
direwolf-github/ephemeral-ci-2a4a3282,-1,-1,-1,False,True,False,False
direwolf-github/ephemeral-ci-2a4a37ee,-1,-1,-1,False,True,False,False
direwolf-github/ephemeral-ci-2a4a4709,-1,-1,-1,False,True,False,False
direwolf-github/ephemeral-ci-2a4a4e18,-1,-1,-1,False,True,False,False
direwolf-github/ephemeral-ci-2a4a4e46,-1,-1,-1,False,True,False,False
direwolf-github/ephemeral-ci-2a4a4ee9,-1,-1,-1,False,True,False,False
direwolf-github/ephemeral-ci-2a4a6918,-1,-1,-1,False,True,False,False
direwolf-github/ephemeral-ci-2a4a6980,-1,-1,-1,False,True,False,False
direwolf-github/ephemeral-ci-2a4a6eb0,-1,-1,-1,False,True,False,False
direwolf-github/ephemeral-ci-2a4a7a70,-1,-1,-1,False,True,False,False
direwolf-github/ephemeral-ci-2a4a81f0,-1,-1,-1,False,True,False,False
direwolf-github/ephemeral-ci-2a4a8301,-1,-1,-1,False,True,False,False
direwolf-github/ephemeral-ci-2a4a868c,-1,-1,-1,False,True,False,False
direwolf-github/ephemeral-ci-2a4a90bb,-1,-1,-1,False,True,False,False
direwolf-github/ephemeral-ci-2a4a912d,-1,-1,-1,False,True,False,False
direwolf-github/ephemeral-ci-2a4a916c,-1,-1,-1,False,True,False,False
direwolf-github/ephemeral-ci-2a4a9906,-1,-1,-1,False,True,False,False
direwolf-github/ephemeral-ci-2a4a9f59,-1,-1,-1,False,True,False,False
direwolf-github/ephemeral-ci-2a4aa9bf,-1,-1,-1,False,True,False,False
direwolf-github/ephemeral-ci-2a4aae51,-1,-1,-1,False,True,False,False
direwolf-github/ephemeral-ci-2a4ab3c9,-1,-1,-1,False,True,False,False
direwolf-github/ephemeral-ci-2a4ab7e1,-1,-1,-1,False,True,False,False
direwolf-github/ephemeral-ci-2a4aca1c,-1,-1,-1,False,True,False,False
direwolf-github/ephemeral-ci-2a4acdc9,-1,-1,-1,False,True,False,False
direwolf-github/ephemeral-ci-2a4ad49e,-1,-1,-1,False,True,False,False
direwolf-github/ephemeral-ci-2a4aeea5,-1,-1,-1,False,True,False,False
direwolf-github/ephemeral-ci-2a4afd72,-1,-1,-1,False,True,False,False
direwolf-github/ephemeral-ci-2a4b0b10,-1,-1,-1,False,True,False,False
direwolf-github/ephemeral-ci-2a4b1037,-1,-1,-1,False,True,False,False
direwolf-github/ephemeral-ci-2a4b146e,-1,-1,-1,False,True,False,False
direwolf-github/ephemeral-ci-2a4b1cc9,-1,-1,-1,False,True,False,False
direwolf-github/ephemeral-ci-2a4b2265,-1,-1,-1,False,True,False,False
direwolf-github/ephemeral-ci-2a4b42de,-1,-1,-1,False,True,False,False
direwolf-github/ephemeral-ci-2a4b438c,-1,-1,-1,False,True,False,False
direwolf-github/ephemeral-ci-2a4b43c4,-1,-1,-1,False,True,False,False
direwolf-github/ephemeral-ci-2a4b4ab4,-1,-1,-1,False,True,False,False
direwolf-github/ephemeral-ci-2a4b52b2,-1,-1,-1,False,True,False,False
direwolf-github/ephemeral-ci-2a4b56a2,-1,-1,-1,False,True,False,False
direwolf-github/ephemeral-ci-2a4b5c3c,-1,-1,-1,False,True,False,False
direwolf-github/ephemeral-ci-2a4b621c,-1,-1,-1,False,True,False,False
direwolf-github/ephemeral-ci-2a4b69b4,-1,-1,-1,False,True,False,False
direwolf-github/ephemeral-ci-2a4b76d7,-1,-1,-1,False,True,False,False
direwolf-github/ephemeral-ci-2a4b79ff,-1,-1,-1,False,True,False,False
direwolf-github/ephemeral-ci-2a4b801a,-1,-1,-1,False,True,False,False
direwolf-github/ephemeral-ci-2a4b8b8f,-1,-1,-1,False,True,False,False
direwolf-github/ephemeral-ci-2a4b8cee,-1,-1,-1,False,True,False,False
direwolf-github/ephemeral-ci-2a4b8d5d,-1,-1,-1,False,True,False,False
direwolf-github/ephemeral-ci-2a4b8dc8,-1,-1,-1,False,True,False,False
direwolf-github/ephemeral-ci-2a4b9322,-1,-1,-1,False,True,False,False
direwolf-github/ephemeral-ci-2a4b9605,-1,-1,-1,False,True,False,False
direwolf-github/ephemeral-ci-2a4b9751,-1,-1,-1,False,True,False,False
direwolf-github/ephemeral-ci-2a4bb162,-1,-1,-1,False,True,False,False
direwolf-github/ephemeral-ci-2a4bb515,-1,-1,-1,False,True,False,False
direwolf-github/ephemeral-ci-2a4bb59c,-1,-1,-1,False,True,False,False
direwolf-github/ephemeral-ci-2a4bbcbf,-1,-1,-1,False,True,False,False
direwolf-github/ephemeral-ci-2a4bbd5a,-1,-1,-1,False,True,False,False
direwolf-github/ephemeral-ci-2a4bc7f3,-1,-1,-1,False,True,False,False
direwolf-github/ephemeral-ci-2a4bc9ea,-1,-1,-1,False,True,False,False
direwolf-github/ephemeral-ci-2a4bca7f,-1,-1,-1,False,True,False,False
direwolf-github/ephemeral-ci-2a4bf75e,-1,-1,-1,False,True,False,False
direwolf-github/ephemeral-ci-2a4c005f,-1,-1,-1,False,True,False,False
direwolf-github/ephemeral-ci-2a4c03e0,-1,-1,-1,False,True,False,False
direwolf-github/ephemeral-ci-2a4c09fc,-1,-1,-1,False,True,False,False
direwolf-github/ephemeral-ci-2a4c45db,-1,-1,-1,False,True,False,False
direwolf-github/ephemeral-ci-2a4c464a,-1,-1,-1,False,True,False,False
direwolf-github/ephemeral-ci-2a4c4d8b,-1,-1,-1,False,True,False,False
direwolf-github/ephemeral-ci-2a4c4e39,-1,-1,-1,False,True,False,False
direwolf-github/ephemeral-ci-2a4c5238,-1,-1,-1,False,True,False,False
direwolf-github/ephemeral-ci-2a4c5cec,-1,-1,-1,False,True,False,False
direwolf-github/ephemeral-ci-2a4c5e02,-1,-1,-1,False,True,False,False
direwolf-github/ephemeral-ci-2a4c830c,-1,-1,-1,False,True,False,False
direwolf-github/ephemeral-ci-2a4ca004,-1,-1,-1,False,True,False,False
direwolf-github/ephemeral-ci-2a4ca211,-1,-1,-1,False,True,False,False
direwolf-github/ephemeral-ci-2a4ca29c,-1,-1,-1,False,True,False,False
direwolf-github/ephemeral-ci-2a4ca4a5,-1,-1,-1,False,True,False,False
direwolf-github/ephemeral-ci-2a4caa95,-1,-1,-1,False,True,False,False
direwolf-github/ephemeral-ci-2a4caefe,-1,-1,-1,False,True,False,False
direwolf-github/ephemeral-ci-2a4cbd94,-1,-1,-1,False,True,False,False
direwolf-github/ephemeral-ci-2a4cceb6,-1,-1,-1,False,True,False,False
direwolf-github/ephemeral-ci-2a4cd167,-1,-1,-1,False,True,False,False
direwolf-github/ephemeral-ci-2a4cd59c,-1,-1,-1,False,True,False,False
direwolf-github/ephemeral-ci-2a4cfedb,-1,-1,-1,False,True,False,False
direwolf-github/ephemeral-ci-2a4d1162,-1,-1,-1,False,True,False,False
direwolf-github/ephemeral-ci-2a4d17b4,-1,-1,-1,False,True,False,False
direwolf-github/ephemeral-ci-2a4d23c7,-1,-1,-1,False,True,False,False
direwolf-github/ephemeral-ci-2a4d36cb,-1,-1,-1,False,True,False,False
direwolf-github/ephemeral-ci-2a4d4027,-1,-1,-1,False,True,False,False
direwolf-github/ephemeral-ci-2a4d4901,-1,-1,-1,False,True,False,False
direwolf-github/ephemeral-ci-2a4d5243,-1,-1,-1,False,True,False,False
direwolf-github/ephemeral-ci-2a4d5272,-1,-1,-1,False,True,False,False
direwolf-github/ephemeral-ci-2a4d57a5,-1,-1,-1,False,True,False,False
direwolf-github/ephemeral-ci-2a4d605b,-1,-1,-1,False,True,False,False
direwolf-github/ephemeral-ci-2a4d617a,-1,-1,-1,False,True,False,False
direwolf-github/ephemeral-ci-2a4d7d4d,-1,-1,-1,False,True,False,False
direwolf-github/ephemeral-ci-2a4d854c,-1,-1,-1,False,True,False,False
direwolf-github/ephemeral-ci-2a4d8db1,-1,-1,-1,False,True,False,False
direwolf-github/ephemeral-ci-2a4db040,-1,-1,-1,False,True,False,False
direwolf-github/ephemeral-ci-2a4dc773,-1,-1,-1,False,True,False,False
direwolf-github/ephemeral-ci-2a4dceb2,-1,-1,-1,False,True,False,False
direwolf-github/ephemeral-ci-2a4de219,-1,-1,-1,False,True,False,False
direwolf-github/ephemeral-ci-2a4df89f,-1,-1,-1,False,True,False,False
direwolf-github/ephemeral-ci-2a4dfc02,-1,-1,-1,False,True,False,False
direwolf-github/ephemeral-ci-2a4dfefd,-1,-1,-1,False,True,False,False
direwolf-github/ephemeral-ci-2a4e06b0,-1,-1,-1,False,True,False,False
direwolf-github/ephemeral-ci-2a4e0d3d,-1,-1,-1,False,True,False,False
direwolf-github/ephemeral-ci-2a4e1913,-1,-1,-1,False,True,False,False
direwolf-github/ephemeral-ci-2a4e1ceb,-1,-1,-1,False,True,False,False
direwolf-github/ephemeral-ci-2a4e26a4,-1,-1,-1,False,True,False,False
direwolf-github/ephemeral-ci-2a4e5247,-1,-1,-1,False,True,False,False
direwolf-github/ephemeral-ci-2a4e5e91,-1,-1,-1,False,True,False,False
direwolf-github/ephemeral-ci-2a4e61c9,-1,-1,-1,False,True,False,False
direwolf-github/ephemeral-ci-2a4e6b85,-1,-1,-1,False,True,False,False
direwolf-github/ephemeral-ci-2a4e6c8a,-1,-1,-1,False,True,False,False
direwolf-github/ephemeral-ci-2a4e6ef9,-1,-1,-1,False,True,False,False
direwolf-github/ephemeral-ci-2a4e705a,-1,-1,-1,False,True,False,False
direwolf-github/ephemeral-ci-2a4e738e,-1,-1,-1,False,True,False,False
direwolf-github/ephemeral-ci-2a4e759d,-1,-1,-1,False,True,False,False
direwolf-github/ephemeral-ci-2a4e7bbf,-1,-1,-1,False,True,False,False
direwolf-github/ephemeral-ci-2a4e7d6f,-1,-1,-1,False,True,False,False
direwolf-github/ephemeral-ci-2a4e93eb,-1,-1,-1,False,True,False,False
direwolf-github/ephemeral-ci-2a4ea0f6,-1,-1,-1,False,True,False,False
direwolf-github/ephemeral-ci-2a4eb5d3,-1,-1,-1,False,True,False,False
direwolf-github/ephemeral-ci-2a4eb8b4,-1,-1,-1,False,True,False,False
direwolf-github/ephemeral-ci-2a4ec022,-1,-1,-1,False,True,False,False
direwolf-github/ephemeral-ci-2a4ec200,-1,-1,-1,False,True,False,False
direwolf-github/ephemeral-ci-2a4ee716,-1,-1,-1,False,True,False,False
direwolf-github/ephemeral-ci-2a4ef202,-1,-1,-1,False,True,False,False
direwolf-github/ephemeral-ci-2a4ef231,-1,-1,-1,False,True,False,False
direwolf-github/ephemeral-ci-2a4efc2a,-1,-1,-1,False,True,False,False
direwolf-github/ephemeral-ci-2a4f136d,-1,-1,-1,False,True,False,False
direwolf-github/ephemeral-ci-2a4f1ee4,-1,-1,-1,False,True,False,False
direwolf-github/ephemeral-ci-2a4f21e1,-1,-1,-1,False,True,False,False
direwolf-github/ephemeral-ci-2a4f230d,-1,-1,-1,False,True,False,False
direwolf-github/ephemeral-ci-2a4f363a,-1,-1,-1,False,True,False,False
direwolf-github/ephemeral-ci-2a4f3b63,-1,-1,-1,False,True,False,False
direwolf-github/ephemeral-ci-2a4f414b,-1,-1,-1,False,True,False,False
direwolf-github/ephemeral-ci-2a4f4288,-1,-1,-1,False,True,False,False
direwolf-github/ephemeral-ci-2a4f4619,-1,-1,-1,False,True,False,False
direwolf-github/ephemeral-ci-2a4f5489,-1,-1,-1,False,True,False,False
direwolf-github/ephemeral-ci-2a4f58d9,-1,-1,-1,False,True,False,False
direwolf-github/ephemeral-ci-2a4f6578,-1,-1,-1,False,True,False,False
direwolf-github/ephemeral-ci-2a4f6a84,-1,-1,-1,False,True,False,False
direwolf-github/ephemeral-ci-2a4f71ba,-1,-1,-1,False,True,False,False
direwolf-github/ephemeral-ci-2a4f76d7,-1,-1,-1,False,True,False,False
direwolf-github/ephemeral-ci-2a4f7dfa,-1,-1,-1,False,True,False,False
direwolf-github/ephemeral-ci-2a4f90d5,-1,-1,-1,False,True,False,False
direwolf-github/ephemeral-ci-2a4f9387,-1,-1,-1,False,True,False,False
direwolf-github/ephemeral-ci-2a4f9b5b,-1,-1,-1,False,True,False,False
direwolf-github/ephemeral-ci-2a4fa894,-1,-1,-1,False,True,False,False
direwolf-github/ephemeral-ci-2a4faf52,-1,-1,-1,False,True,False,False
direwolf-github/ephemeral-ci-2a4fb572,-1,-1,-1,False,True,False,False
direwolf-github/ephemeral-ci-2a4fc3d1,-1,-1,-1,False,True,False,False
direwolf-github/ephemeral-ci-2a4fc936,-1,-1,-1,False,True,False,False
direwolf-github/ephemeral-ci-2a4fd328,-1,-1,-1,False,True,False,False
direwolf-github/ephemeral-ci-2a4fee1f,-1,-1,-1,False,True,False,False
direwolf-github/ephemeral-ci-2a5000a5,-1,-1,-1,False,True,False,False
direwolf-github/ephemeral-ci-2a500b4a,-1,-1,-1,False,True,False,False
direwolf-github/ephemeral-ci-2a501721,-1,-1,-1,False,True,False,False
direwolf-github/ephemeral-ci-2a502a69,-1,-1,-1,False,True,False,False
direwolf-github/ephemeral-ci-2a502f63,-1,-1,-1,False,True,False,False
direwolf-github/ephemeral-ci-2a5031e3,-1,-1,-1,False,True,False,False
direwolf-github/ephemeral-ci-2a50393c,-1,-1,-1,False,True,False,False
direwolf-github/ephemeral-ci-2a504432,-1,-1,-1,False,True,False,False
direwolf-github/ephemeral-ci-2a505aed,-1,-1,-1,False,True,False,False
direwolf-github/ephemeral-ci-2a50616b,-1,-1,-1,False,True,False,False
direwolf-github/ephemeral-ci-2a507df7,-1,-1,-1,False,True,False,False
direwolf-github/ephemeral-ci-2a508073,-1,-1,-1,False,True,False,False
direwolf-github/ephemeral-ci-2a50829e,-1,-1,-1,False,True,False,False
direwolf-github/ephemeral-ci-2a508844,-1,-1,-1,False,True,False,False
direwolf-github/ephemeral-ci-2a508e54,-1,-1,-1,False,True,False,False
direwolf-github/ephemeral-ci-2a50a449,-1,-1,-1,False,True,False,False
direwolf-github/ephemeral-ci-2a50b893,-1,-1,-1,False,True,False,False
direwolf-github/ephemeral-ci-2a50bbb2,-1,-1,-1,False,True,False,False
direwolf-github/ephemeral-ci-2a50c2f7,-1,-1,-1,False,True,False,False
direwolf-github/ephemeral-ci-2a50cbd8,-1,-1,-1,False,True,False,False
direwolf-github/ephemeral-ci-2a50ce28,-1,-1,-1,False,True,False,False
direwolf-github/ephemeral-ci-2a50df29,-1,-1,-1,False,True,False,False
direwolf-github/ephemeral-ci-2a50e0e9,-1,-1,-1,False,True,False,False
direwolf-github/ephemeral-ci-2a50e2f5,-1,-1,-1,False,True,False,False
direwolf-github/ephemeral-ci-2a50f36f,-1,-1,-1,False,True,False,False
direwolf-github/ephemeral-ci-2a50f3b4,-1,-1,-1,False,True,False,False
direwolf-github/ephemeral-ci-2a50f406,-1,-1,-1,False,True,False,False
direwolf-github/ephemeral-ci-2a50f6c4,-1,-1,-1,False,True,False,False
direwolf-github/ephemeral-ci-2a50f95e,-1,-1,-1,False,True,False,False
direwolf-github/ephemeral-ci-2a50fb17,-1,-1,-1,False,True,False,False
direwolf-github/ephemeral-ci-2a510ca6,-1,-1,-1,False,True,False,False
direwolf-github/ephemeral-ci-2a510ff5,-1,-1,-1,False,True,False,False
direwolf-github/ephemeral-ci-2a51121c,-1,-1,-1,False,True,False,False
direwolf-github/ephemeral-ci-2a511929,-1,-1,-1,False,True,False,False
direwolf-github/ephemeral-ci-2a512465,-1,-1,-1,False,True,False,False
direwolf-github/ephemeral-ci-2a513684,-1,-1,-1,False,True,False,False
direwolf-github/ephemeral-ci-2a514bf2,-1,-1,-1,False,True,False,False
direwolf-github/ephemeral-ci-2a515111,-1,-1,-1,False,True,False,False
direwolf-github/ephemeral-ci-2a5151fe,-1,-1,-1,False,True,False,False
direwolf-github/ephemeral-ci-2a51595f,-1,-1,-1,False,True,False,False
direwolf-github/ephemeral-ci-2a516095,-1,-1,-1,False,True,False,False
direwolf-github/ephemeral-ci-2a516b5e,-1,-1,-1,False,True,False,False
direwolf-github/ephemeral-ci-2a51894e,-1,-1,-1,False,True,False,False
direwolf-github/ephemeral-ci-2a519719,-1,-1,-1,False,True,False,False
direwolf-github/ephemeral-ci-2a519901,-1,-1,-1,False,True,False,False
direwolf-github/ephemeral-ci-2a519faa,-1,-1,-1,False,True,False,False
direwolf-github/ephemeral-ci-2a51b221,-1,-1,-1,False,True,False,False
direwolf-github/ephemeral-ci-2a51b25f,-1,-1,-1,False,True,False,False
direwolf-github/ephemeral-ci-2a51beda,-1,-1,-1,False,True,False,False
direwolf-github/ephemeral-ci-2a51cbf4,-1,-1,-1,False,True,False,False
direwolf-github/ephemeral-ci-2a51d8ae,-1,-1,-1,False,True,False,False
direwolf-github/ephemeral-ci-2a51dbcf,-1,-1,-1,False,True,False,False
direwolf-github/ephemeral-ci-2a51e6c9,-1,-1,-1,False,True,False,False
direwolf-github/ephemeral-ci-2a51ef22,-1,-1,-1,False,True,False,False
direwolf-github/ephemeral-ci-2a52033c,-1,-1,-1,False,True,False,False
direwolf-github/ephemeral-ci-2a5209b7,-1,-1,-1,False,True,False,False
direwolf-github/ephemeral-ci-2a520e44,-1,-1,-1,False,True,False,False
direwolf-github/ephemeral-ci-2a52102e,-1,-1,-1,False,True,False,False
direwolf-github/ephemeral-ci-2a521117,-1,-1,-1,False,True,False,False
direwolf-github/ephemeral-ci-2a521822,-1,-1,-1,False,True,False,False
direwolf-github/ephemeral-ci-2a5219ba,-1,-1,-1,False,True,False,False
direwolf-github/ephemeral-ci-2a521b63,-1,-1,-1,False,True,False,False
direwolf-github/ephemeral-ci-2a521f6f,-1,-1,-1,False,True,False,False
direwolf-github/ephemeral-ci-2a525162,-1,-1,-1,False,True,False,False
direwolf-github/ephemeral-ci-2a52571a,-1,-1,-1,False,True,False,False
direwolf-github/ephemeral-ci-2a5259db,-1,-1,-1,False,True,False,False
direwolf-github/ephemeral-ci-2a525b66,-1,-1,-1,False,True,False,False
direwolf-github/ephemeral-ci-2a5271c4,-1,-1,-1,False,True,False,False
direwolf-github/ephemeral-ci-2a527931,-1,-1,-1,False,True,False,False
direwolf-github/ephemeral-ci-2a52a594,-1,-1,-1,False,True,False,False
direwolf-github/ephemeral-ci-2a52a686,-1,-1,-1,False,True,False,False
direwolf-github/ephemeral-ci-2a52c739,-1,-1,-1,False,True,False,False
direwolf-github/ephemeral-ci-2a52cb94,-1,-1,-1,False,True,False,False
direwolf-github/ephemeral-ci-2a52d9e8,-1,-1,-1,False,True,False,False
direwolf-github/ephemeral-ci-2a52dd85,-1,-1,-1,False,True,False,False
direwolf-github/ephemeral-ci-2a52e3fa,-1,-1,-1,False,True,False,False
direwolf-github/ephemeral-ci-2a52eb90,-1,-1,-1,False,True,False,False
direwolf-github/ephemeral-ci-2a52f1c4,-1,-1,-1,False,True,False,False
direwolf-github/ephemeral-ci-2a5311ae,-1,-1,-1,False,True,False,False
direwolf-github/ephemeral-ci-2a5311e4,-1,-1,-1,False,True,False,False
direwolf-github/ephemeral-ci-2a5311ef,-1,-1,-1,False,True,False,False
direwolf-github/ephemeral-ci-2a5312a8,-1,-1,-1,False,True,False,False
direwolf-github/ephemeral-ci-2a532186,-1,-1,-1,False,True,False,False
direwolf-github/ephemeral-ci-2a533e2c,-1,-1,-1,False,True,False,False
direwolf-github/ephemeral-ci-2a533e37,-1,-1,-1,False,True,False,False
direwolf-github/ephemeral-ci-2a534354,-1,-1,-1,False,True,False,False
direwolf-github/ephemeral-ci-2a53458d,-1,-1,-1,False,True,False,False
direwolf-github/ephemeral-ci-2a536de1,-1,-1,-1,False,True,False,False
direwolf-github/ephemeral-ci-2a536f9d,-1,-1,-1,False,True,False,False
direwolf-github/ephemeral-ci-2a5370d1,-1,-1,-1,False,True,False,False
direwolf-github/ephemeral-ci-2a5371f6,-1,-1,-1,False,True,False,False
direwolf-github/ephemeral-ci-2a538113,-1,-1,-1,False,True,False,False
direwolf-github/ephemeral-ci-2a538fac,-1,-1,-1,False,True,False,False
direwolf-github/ephemeral-ci-2a539610,-1,-1,-1,False,True,False,False
direwolf-github/ephemeral-ci-2a53aca1,-1,-1,-1,False,True,False,False
direwolf-github/ephemeral-ci-2a53af9c,-1,-1,-1,False,True,False,False
direwolf-github/ephemeral-ci-2a53b5ed,-1,-1,-1,False,True,False,False
direwolf-github/ephemeral-ci-2a53c65d,-1,-1,-1,False,True,False,False
direwolf-github/ephemeral-ci-2a53d144,-1,-1,-1,False,True,False,False
direwolf-github/ephemeral-ci-2a53d547,-1,-1,-1,False,True,False,False
direwolf-github/ephemeral-ci-2a53dcaf,-1,-1,-1,False,True,False,False
direwolf-github/ephemeral-ci-2a53e680,-1,-1,-1,False,True,False,False
direwolf-github/ephemeral-ci-2a53e690,-1,-1,-1,False,True,False,False
direwolf-github/ephemeral-ci-2a53f335,-1,-1,-1,False,True,False,False
direwolf-github/ephemeral-ci-2a53fc39,-1,-1,-1,False,True,False,False
direwolf-github/ephemeral-ci-2a541614,-1,-1,-1,False,True,False,False
direwolf-github/ephemeral-ci-2a542d57,-1,-1,-1,False,True,False,False
direwolf-github/ephemeral-ci-2a545f9b,-1,-1,-1,False,True,False,False
direwolf-github/ephemeral-ci-2a546267,-1,-1,-1,False,True,False,False
direwolf-github/ephemeral-ci-2a5462a4,-1,-1,-1,False,True,False,False
direwolf-github/ephemeral-ci-2a546f02,-1,-1,-1,False,True,False,False
direwolf-github/ephemeral-ci-2a54767f,-1,-1,-1,False,True,False,False
direwolf-github/ephemeral-ci-2a548451,-1,-1,-1,False,True,False,False
direwolf-github/ephemeral-ci-2a548717,-1,-1,-1,False,True,False,False
direwolf-github/ephemeral-ci-2a5489a4,-1,-1,-1,False,True,False,False
direwolf-github/ephemeral-ci-2a549419,-1,-1,-1,False,True,False,False
direwolf-github/ephemeral-ci-2a549d00,-1,-1,-1,False,True,False,False
direwolf-github/ephemeral-ci-2a549e61,-1,-1,-1,False,True,False,False
direwolf-github/ephemeral-ci-2a54af57,-1,-1,-1,False,True,False,False
direwolf-github/ephemeral-ci-2a54b9e6,-1,-1,-1,False,True,False,False
direwolf-github/ephemeral-ci-2a54bd8b,-1,-1,-1,False,True,False,False
direwolf-github/ephemeral-ci-2a54cf97,-1,-1,-1,False,True,False,False
direwolf-github/ephemeral-ci-2a54e1a8,-1,-1,-1,False,True,False,False
direwolf-github/ephemeral-ci-2a54e71e,-1,-1,-1,False,True,False,False
direwolf-github/ephemeral-ci-2a54ef37,-1,-1,-1,False,True,False,False
direwolf-github/ephemeral-ci-2a54f38e,-1,-1,-1,False,True,False,False
direwolf-github/ephemeral-ci-2a54f714,-1,-1,-1,False,True,False,False
direwolf-github/ephemeral-ci-2a550944,-1,-1,-1,False,True,False,False
direwolf-github/ephemeral-ci-2a551712,-1,-1,-1,False,True,False,False
direwolf-github/ephemeral-ci-2a551a7a,-1,-1,-1,False,True,False,False
direwolf-github/ephemeral-ci-2a55213a,-1,-1,-1,False,True,False,False
direwolf-github/ephemeral-ci-2a55373d,-1,-1,-1,False,True,False,False
direwolf-github/ephemeral-ci-2a553b77,-1,-1,-1,False,True,False,False
direwolf-github/ephemeral-ci-2a5541c7,-1,-1,-1,False,True,False,False
direwolf-github/ephemeral-ci-2a5557c1,-1,-1,-1,False,True,False,False
direwolf-github/ephemeral-ci-2a555b9b,-1,-1,-1,False,True,False,False
direwolf-github/ephemeral-ci-2a555cd7,-1,-1,-1,False,True,False,False
direwolf-github/ephemeral-ci-2a557220,-1,-1,-1,False,True,False,False
direwolf-github/ephemeral-ci-2a557478,-1,-1,-1,False,True,False,False
direwolf-github/ephemeral-ci-2a55833a,-1,-1,-1,False,True,False,False
direwolf-github/ephemeral-ci-2a559096,-1,-1,-1,False,True,False,False
direwolf-github/ephemeral-ci-2a559574,-1,-1,-1,False,True,False,False
direwolf-github/ephemeral-ci-2a559b68,-1,-1,-1,False,True,False,False
direwolf-github/ephemeral-ci-2a559e37,-1,-1,-1,False,True,False,False
direwolf-github/ephemeral-ci-2a55a664,-1,-1,-1,False,True,False,False
direwolf-github/ephemeral-ci-2a55a695,-1,-1,-1,False,True,False,False
direwolf-github/ephemeral-ci-2a55b1e1,-1,-1,-1,False,True,False,False
direwolf-github/ephemeral-ci-2a55bcb6,-1,-1,-1,False,True,False,False
direwolf-github/ephemeral-ci-2a55c773,-1,-1,-1,False,True,False,False
direwolf-github/ephemeral-ci-2a55cfc9,-1,-1,-1,False,True,False,False
direwolf-github/ephemeral-ci-2a55d368,-1,-1,-1,False,True,False,False
direwolf-github/ephemeral-ci-2a55d507,-1,-1,-1,False,True,False,False
direwolf-github/ephemeral-ci-2a55e2fa,-1,-1,-1,False,True,False,False
direwolf-github/ephemeral-ci-2a55ec5c,-1,-1,-1,False,True,False,False
direwolf-github/ephemeral-ci-2a55f8c7,-1,-1,-1,False,True,False,False
direwolf-github/ephemeral-ci-2a56100b,-1,-1,-1,False,True,False,False
direwolf-github/ephemeral-ci-2a561439,-1,-1,-1,False,True,False,False
direwolf-github/ephemeral-ci-2a561a67,-1,-1,-1,False,True,False,False
direwolf-github/ephemeral-ci-2a562305,-1,-1,-1,False,True,False,False
direwolf-github/ephemeral-ci-2a562ad5,-1,-1,-1,False,True,False,False
direwolf-github/ephemeral-ci-2a562f81,-1,-1,-1,False,True,False,False
direwolf-github/ephemeral-ci-2a56399a,-1,-1,-1,False,True,False,False
direwolf-github/ephemeral-ci-2a5645a0,-1,-1,-1,False,True,False,False
direwolf-github/ephemeral-ci-2a5648ae,-1,-1,-1,False,True,False,False
direwolf-github/ephemeral-ci-2a565292,-1,-1,-1,False,True,False,False
direwolf-github/ephemeral-ci-2a565cfd,-1,-1,-1,False,True,False,False
direwolf-github/ephemeral-ci-2a565da2,-1,-1,-1,False,True,False,False
direwolf-github/ephemeral-ci-2a56638b,-1,-1,-1,False,True,False,False
direwolf-github/ephemeral-ci-2a5671a4,-1,-1,-1,False,True,False,False
direwolf-github/ephemeral-ci-2a5673c8,-1,-1,-1,False,True,False,False
direwolf-github/ephemeral-ci-2a5674da,-1,-1,-1,False,True,False,False
direwolf-github/ephemeral-ci-2a568bf6,-1,-1,-1,False,True,False,False
direwolf-github/ephemeral-ci-2a568e7b,-1,-1,-1,False,True,False,False
direwolf-github/ephemeral-ci-2a5691d5,-1,-1,-1,False,True,False,False
direwolf-github/ephemeral-ci-2a569b40,-1,-1,-1,False,True,False,False
direwolf-github/ephemeral-ci-2a56a9d2,-1,-1,-1,False,True,False,False
direwolf-github/ephemeral-ci-2a56aef8,-1,-1,-1,False,True,False,False
direwolf-github/ephemeral-ci-2a56b080,-1,-1,-1,False,True,False,False
direwolf-github/ephemeral-ci-2a56b5a6,-1,-1,-1,False,True,False,False
direwolf-github/ephemeral-ci-2a56b80c,-1,-1,-1,False,True,False,False
direwolf-github/ephemeral-ci-2a56bc49,-1,-1,-1,False,True,False,False
direwolf-github/ephemeral-ci-2a56c2f1,-1,-1,-1,False,True,False,False
direwolf-github/ephemeral-ci-2a56c3ef,-1,-1,-1,False,True,False,False
direwolf-github/ephemeral-ci-2a56d481,-1,-1,-1,False,True,False,False
direwolf-github/ephemeral-ci-2a56db5c,-1,-1,-1,False,True,False,False
direwolf-github/ephemeral-ci-2a56e919,-1,-1,-1,False,True,False,False
direwolf-github/ephemeral-ci-2a56f9af,-1,-1,-1,False,True,False,False
direwolf-github/ephemeral-ci-2a570d8d,-1,-1,-1,False,True,False,False
direwolf-github/ephemeral-ci-2a57106f,-1,-1,-1,False,True,False,False
direwolf-github/ephemeral-ci-2a5717e0,-1,-1,-1,False,True,False,False
direwolf-github/ephemeral-ci-2a5723ab,-1,-1,-1,False,True,False,False
direwolf-github/ephemeral-ci-2a572612,-1,-1,-1,False,True,False,False
direwolf-github/ephemeral-ci-2a573309,-1,-1,-1,False,True,False,False
direwolf-github/ephemeral-ci-2a574121,-1,-1,-1,False,True,False,False
direwolf-github/ephemeral-ci-2a57495e,-1,-1,-1,False,True,False,False
direwolf-github/ephemeral-ci-2a575186,-1,-1,-1,False,True,False,False
direwolf-github/ephemeral-ci-2a576738,-1,-1,-1,False,True,False,False
direwolf-github/ephemeral-ci-2a576c15,-1,-1,-1,False,True,False,False
direwolf-github/ephemeral-ci-2a577bc1,-1,-1,-1,False,True,False,False
direwolf-github/ephemeral-ci-2a578254,-1,-1,-1,False,True,False,False
direwolf-github/ephemeral-ci-2a57a0be,-1,-1,-1,False,True,False,False
direwolf-github/ephemeral-ci-2a57a613,-1,-1,-1,False,True,False,False
direwolf-github/ephemeral-ci-2a57acfc,-1,-1,-1,False,True,False,False
direwolf-github/ephemeral-ci-2a57b217,-1,-1,-1,False,True,False,False
direwolf-github/ephemeral-ci-2a57b5a5,-1,-1,-1,False,True,False,False
direwolf-github/ephemeral-ci-2a57bce1,-1,-1,-1,False,True,False,False
direwolf-github/ephemeral-ci-2a57daf4,-1,-1,-1,False,True,False,False
direwolf-github/ephemeral-ci-2a57f0c2,-1,-1,-1,False,True,False,False
direwolf-github/ephemeral-ci-2a57f2c2,-1,-1,-1,False,True,False,False
direwolf-github/ephemeral-ci-2a5800a4,-1,-1,-1,False,True,False,False
direwolf-github/ephemeral-ci-2a58057d,-1,-1,-1,False,True,False,False
direwolf-github/ephemeral-ci-2a581a36,-1,-1,-1,False,True,False,False
direwolf-github/ephemeral-ci-2a582737,-1,-1,-1,False,True,False,False
direwolf-github/ephemeral-ci-2a582cf3,-1,-1,-1,False,True,False,False
direwolf-github/ephemeral-ci-2a583ff7,-1,-1,-1,False,True,False,False
direwolf-github/ephemeral-ci-2a584861,-1,-1,-1,False,True,False,False
direwolf-github/ephemeral-ci-2a5850ab,-1,-1,-1,False,True,False,False
direwolf-github/ephemeral-ci-2a585598,-1,-1,-1,False,True,False,False
direwolf-github/ephemeral-ci-2a5869c7,-1,-1,-1,False,True,False,False
direwolf-github/ephemeral-ci-2a587208,-1,-1,-1,False,True,False,False
direwolf-github/ephemeral-ci-2a58750c,-1,-1,-1,False,True,False,False
direwolf-github/ephemeral-ci-2a5877e4,-1,-1,-1,False,True,False,False
direwolf-github/ephemeral-ci-2a587a91,-1,-1,-1,False,True,False,False
direwolf-github/ephemeral-ci-2a587e56,-1,-1,-1,False,True,False,False
direwolf-github/ephemeral-ci-2a587f07,-1,-1,-1,False,True,False,False
direwolf-github/ephemeral-ci-2a5881e0,-1,-1,-1,False,True,False,False
direwolf-github/ephemeral-ci-2a588d60,-1,-1,-1,False,True,False,False
direwolf-github/ephemeral-ci-2a5896f3,-1,-1,-1,False,True,False,False
direwolf-github/ephemeral-ci-2a58b298,-1,-1,-1,False,True,False,False
direwolf-github/ephemeral-ci-2a58b5bd,-1,-1,-1,False,True,False,False
direwolf-github/ephemeral-ci-2a58b82e,-1,-1,-1,False,True,False,False
direwolf-github/ephemeral-ci-2a58d724,-1,-1,-1,False,True,False,False
direwolf-github/ephemeral-ci-2a58ddf8,-1,-1,-1,False,True,False,False
direwolf-github/ephemeral-ci-2a58f183,-1,-1,-1,False,True,False,False
direwolf-github/ephemeral-ci-2a58f566,-1,-1,-1,False,True,False,False
direwolf-github/ephemeral-ci-2a58ff07,-1,-1,-1,False,True,False,False
direwolf-github/ephemeral-ci-2a590303,-1,-1,-1,False,True,False,False
direwolf-github/ephemeral-ci-2a591ce2,-1,-1,-1,False,True,False,False
direwolf-github/ephemeral-ci-2a5929ba,-1,-1,-1,False,True,False,False
direwolf-github/ephemeral-ci-2a59324e,-1,-1,-1,False,True,False,False
direwolf-github/ephemeral-ci-2a59360a,-1,-1,-1,False,True,False,False
direwolf-github/ephemeral-ci-2a59375f,-1,-1,-1,False,True,False,False
direwolf-github/ephemeral-ci-2a5941ab,-1,-1,-1,False,True,False,False
direwolf-github/ephemeral-ci-2a594c84,-1,-1,-1,False,True,False,False
direwolf-github/ephemeral-ci-2a594ce8,-1,-1,-1,False,True,False,False
direwolf-github/ephemeral-ci-2a595e26,-1,-1,-1,False,True,False,False
direwolf-github/ephemeral-ci-2a595e3d,-1,-1,-1,False,True,False,False
direwolf-github/ephemeral-ci-2a5967f9,-1,-1,-1,False,True,False,False
direwolf-github/ephemeral-ci-2a5975d9,-1,-1,-1,False,True,False,False
direwolf-github/ephemeral-ci-2a598a09,-1,-1,-1,False,True,False,False
direwolf-github/ephemeral-ci-2a598dca,-1,-1,-1,False,True,False,False
direwolf-github/ephemeral-ci-2a598fe2,-1,-1,-1,False,True,False,False
direwolf-github/ephemeral-ci-2a59a613,-1,-1,-1,False,True,False,False
direwolf-github/ephemeral-ci-2a59a92d,-1,-1,-1,False,True,False,False
direwolf-github/ephemeral-ci-2a59a985,-1,-1,-1,False,True,False,False
direwolf-github/ephemeral-ci-2a59c385,-1,-1,-1,False,True,False,False
direwolf-github/ephemeral-ci-2a59c399,-1,-1,-1,False,True,False,False
direwolf-github/ephemeral-ci-2a59c61d,-1,-1,-1,False,True,False,False
direwolf-github/ephemeral-ci-2a59e3bd,-1,-1,-1,False,True,False,False
direwolf-github/ephemeral-ci-2a59fc9f,-1,-1,-1,False,True,False,False
direwolf-github/ephemeral-ci-2a5a08eb,-1,-1,-1,False,True,False,False
direwolf-github/ephemeral-ci-2a5a2df7,-1,-1,-1,False,True,False,False
direwolf-github/ephemeral-ci-2a5a513b,-1,-1,-1,False,True,False,False
direwolf-github/ephemeral-ci-2a5a6357,-1,-1,-1,False,True,False,False
direwolf-github/ephemeral-ci-2a5a6375,-1,-1,-1,False,True,False,False
direwolf-github/ephemeral-ci-2a5a7e62,-1,-1,-1,False,True,False,False
direwolf-github/ephemeral-ci-2a5a8b8f,-1,-1,-1,False,True,False,False
direwolf-github/ephemeral-ci-2a5a9199,-1,-1,-1,False,True,False,False
direwolf-github/ephemeral-ci-2a5a941f,-1,-1,-1,False,True,False,False
direwolf-github/ephemeral-ci-2a5aaf77,-1,-1,-1,False,True,False,False
direwolf-github/ephemeral-ci-2a5ab2ed,-1,-1,-1,False,True,False,False
direwolf-github/ephemeral-ci-2a5ab31e,-1,-1,-1,False,True,False,False
direwolf-github/ephemeral-ci-2a5ab3b6,-1,-1,-1,False,True,False,False
direwolf-github/ephemeral-ci-2a5ab8de,-1,-1,-1,False,True,False,False
direwolf-github/ephemeral-ci-2a5ac743,-1,-1,-1,False,True,False,False
direwolf-github/ephemeral-ci-2a5acb5f,-1,-1,-1,False,True,False,False
direwolf-github/ephemeral-ci-2a5ad0ce,-1,-1,-1,False,True,False,False
direwolf-github/ephemeral-ci-2a5ad949,-1,-1,-1,False,True,False,False
direwolf-github/ephemeral-ci-2a5ae0c9,-1,-1,-1,False,True,False,False
direwolf-github/ephemeral-ci-2a5ae5c2,-1,-1,-1,False,True,False,False
direwolf-github/ephemeral-ci-2a5af21e,-1,-1,-1,False,True,False,False
direwolf-github/ephemeral-ci-2a5afc55,-1,-1,-1,False,True,False,False
direwolf-github/ephemeral-ci-2a5b0273,-1,-1,-1,False,True,False,False
direwolf-github/ephemeral-ci-2a5b0e0d,-1,-1,-1,False,True,False,False
direwolf-github/ephemeral-ci-2a5b10a6,-1,-1,-1,False,True,False,False
direwolf-github/ephemeral-ci-2a5b12a5,-1,-1,-1,False,True,False,False
direwolf-github/ephemeral-ci-2a5b22dc,-1,-1,-1,False,True,False,False
direwolf-github/ephemeral-ci-2a5b24a3,-1,-1,-1,False,True,False,False
direwolf-github/ephemeral-ci-2a5b26ed,-1,-1,-1,False,True,False,False
direwolf-github/ephemeral-ci-2a5b2f0f,-1,-1,-1,False,True,False,False
direwolf-github/ephemeral-ci-2a5b39ab,-1,-1,-1,False,True,False,False
direwolf-github/ephemeral-ci-2a5b3ae7,-1,-1,-1,False,True,False,False
direwolf-github/ephemeral-ci-2a5b3d11,-1,-1,-1,False,True,False,False
direwolf-github/ephemeral-ci-2a5b3df8,-1,-1,-1,False,True,False,False
direwolf-github/ephemeral-ci-2a5b4b7f,-1,-1,-1,False,True,False,False
direwolf-github/ephemeral-ci-2a5b6c35,-1,-1,-1,False,True,False,False
direwolf-github/ephemeral-ci-2a5b6e7d,-1,-1,-1,False,True,False,False
direwolf-github/ephemeral-ci-2a5b6f9e,-1,-1,-1,False,True,False,False
direwolf-github/ephemeral-ci-2a5b7c30,-1,-1,-1,False,True,False,False
direwolf-github/ephemeral-ci-2a5b88c1,-1,-1,-1,False,True,False,False
direwolf-github/ephemeral-ci-2a5b8bb2,-1,-1,-1,False,True,False,False
direwolf-github/ephemeral-ci-2a5ba13a,-1,-1,-1,False,True,False,False
direwolf-github/ephemeral-ci-2a5ba678,-1,-1,-1,False,True,False,False
direwolf-github/ephemeral-ci-2a5ba735,-1,-1,-1,False,True,False,False
direwolf-github/ephemeral-ci-2a5ba971,-1,-1,-1,False,True,False,False
direwolf-github/ephemeral-ci-2a5bac12,-1,-1,-1,False,True,False,False
direwolf-github/ephemeral-ci-2a5bac75,-1,-1,-1,False,True,False,False
direwolf-github/ephemeral-ci-2a5bb93d,-1,-1,-1,False,True,False,False
direwolf-github/ephemeral-ci-2a5bbabb,-1,-1,-1,False,True,False,False
direwolf-github/ephemeral-ci-2a5bbbba,-1,-1,-1,False,True,False,False
direwolf-github/ephemeral-ci-2a5bc86e,-1,-1,-1,False,True,False,False
direwolf-github/ephemeral-ci-2a5bd0e8,-1,-1,-1,False,True,False,False
direwolf-github/ephemeral-ci-2a5bd395,-1,-1,-1,False,True,False,False
direwolf-github/ephemeral-ci-2a5bd875,-1,-1,-1,False,True,False,False
direwolf-github/ephemeral-ci-2a5bd87c,-1,-1,-1,False,True,False,False
direwolf-github/ephemeral-ci-2a5bec14,-1,-1,-1,False,True,False,False
direwolf-github/ephemeral-ci-2a5bee96,-1,-1,-1,False,True,False,False
direwolf-github/ephemeral-ci-2a5bf41a,-1,-1,-1,False,True,False,False
direwolf-github/ephemeral-ci-2a5c2953,-1,-1,-1,False,True,False,False
direwolf-github/ephemeral-ci-2a5c2f84,-1,-1,-1,False,True,False,False
direwolf-github/ephemeral-ci-2a5c30e8,-1,-1,-1,False,True,False,False
direwolf-github/ephemeral-ci-2a5c36a5,-1,-1,-1,False,True,False,False
direwolf-github/ephemeral-ci-2a5c39b4,-1,-1,-1,False,True,False,False
direwolf-github/ephemeral-ci-2a5c48e5,-1,-1,-1,False,True,False,False
direwolf-github/ephemeral-ci-2a5c6076,-1,-1,-1,False,True,False,False
direwolf-github/ephemeral-ci-2a5c63e4,-1,-1,-1,False,True,False,False
direwolf-github/ephemeral-ci-2a5c6ed0,-1,-1,-1,False,True,False,False
direwolf-github/ephemeral-ci-2a5c75b1,-1,-1,-1,False,True,False,False
direwolf-github/ephemeral-ci-2a5c8ade,-1,-1,-1,False,True,False,False
direwolf-github/ephemeral-ci-2a5c8bdc,-1,-1,-1,False,True,False,False
direwolf-github/ephemeral-ci-2a5c8c14,-1,-1,-1,False,True,False,False
direwolf-github/ephemeral-ci-2a5c98e8,-1,-1,-1,False,True,False,False
direwolf-github/ephemeral-ci-2a5ca6ef,-1,-1,-1,False,True,False,False
direwolf-github/ephemeral-ci-2a5cad1f,-1,-1,-1,False,True,False,False
direwolf-github/ephemeral-ci-2a5cb5cf,-1,-1,-1,False,True,False,False
direwolf-github/ephemeral-ci-2a5cb741,-1,-1,-1,False,True,False,False
direwolf-github/ephemeral-ci-2a5cb814,-1,-1,-1,False,True,False,False
direwolf-github/ephemeral-ci-2a5cbb71,-1,-1,-1,False,True,False,False
direwolf-github/ephemeral-ci-2a5cc9e6,-1,-1,-1,False,True,False,False
direwolf-github/ephemeral-ci-2a5cd2f2,-1,-1,-1,False,True,False,False
direwolf-github/ephemeral-ci-2a5cebb4,-1,-1,-1,False,True,False,False
direwolf-github/ephemeral-ci-2a5cf0ad,-1,-1,-1,False,True,False,False
direwolf-github/ephemeral-ci-2a5d0736,-1,-1,-1,False,True,False,False
direwolf-github/ephemeral-ci-2a5d088a,-1,-1,-1,False,True,False,False
direwolf-github/ephemeral-ci-2a5d153c,-1,-1,-1,False,True,False,False
direwolf-github/ephemeral-ci-2a5d2142,-1,-1,-1,False,True,False,False
direwolf-github/ephemeral-ci-2a5d247b,-1,-1,-1,False,True,False,False
direwolf-github/ephemeral-ci-2a5d32fb,-1,-1,-1,False,True,False,False
direwolf-github/ephemeral-ci-2a5d3f3e,-1,-1,-1,False,True,False,False
direwolf-github/ephemeral-ci-2a5d4481,-1,-1,-1,False,True,False,False
direwolf-github/ephemeral-ci-2a5d51e1,-1,-1,-1,False,True,False,False
direwolf-github/ephemeral-ci-2a5d5c9d,-1,-1,-1,False,True,False,False
direwolf-github/ephemeral-ci-2a5d5d34,-1,-1,-1,False,True,False,False
direwolf-github/ephemeral-ci-2a5d6de7,-1,-1,-1,False,True,False,False
direwolf-github/ephemeral-ci-2a5d7d2f,-1,-1,-1,False,True,False,False
direwolf-github/ephemeral-ci-2a5d7e0b,-1,-1,-1,False,True,False,False
direwolf-github/ephemeral-ci-2a5d85d1,-1,-1,-1,False,True,False,False
direwolf-github/ephemeral-ci-2a5d87d3,-1,-1,-1,False,True,False,False
direwolf-github/ephemeral-ci-2a5d89d9,-1,-1,-1,False,True,False,False
direwolf-github/ephemeral-ci-2a5d8fb3,-1,-1,-1,False,True,False,False
direwolf-github/ephemeral-ci-2a5d977a,-1,-1,-1,False,True,False,False
direwolf-github/ephemeral-ci-2a5dac65,-1,-1,-1,False,True,False,False
direwolf-github/ephemeral-ci-2a5dc583,-1,-1,-1,False,True,False,False
direwolf-github/ephemeral-ci-2a5dd419,-1,-1,-1,False,True,False,False
direwolf-github/ephemeral-ci-2a5de3ae,-1,-1,-1,False,True,False,False
direwolf-github/ephemeral-ci-2a5de83b,-1,-1,-1,False,True,False,False
direwolf-github/ephemeral-ci-2a5de97f,-1,-1,-1,False,True,False,False
direwolf-github/ephemeral-ci-2a5decad,-1,-1,-1,False,True,False,False
direwolf-github/ephemeral-ci-2a5e001c,-1,-1,-1,False,True,False,False
direwolf-github/ephemeral-ci-2a5e01ed,-1,-1,-1,False,True,False,False
direwolf-github/ephemeral-ci-2a5e02db,-1,-1,-1,False,True,False,False
direwolf-github/ephemeral-ci-2a5e1560,-1,-1,-1,False,True,False,False
direwolf-github/ephemeral-ci-2a5e15a0,-1,-1,-1,False,True,False,False
direwolf-github/ephemeral-ci-2a5e2d33,-1,-1,-1,False,True,False,False
direwolf-github/ephemeral-ci-2a5e3137,-1,-1,-1,False,True,False,False
direwolf-github/ephemeral-ci-2a5e3fdb,-1,-1,-1,False,True,False,False
direwolf-github/ephemeral-ci-2a5e5943,-1,-1,-1,False,True,False,False
direwolf-github/ephemeral-ci-2a5e7df1,-1,-1,-1,False,True,False,False
direwolf-github/ephemeral-ci-2a5e7eb9,-1,-1,-1,False,True,False,False
direwolf-github/ephemeral-ci-2a5e84b3,-1,-1,-1,False,True,False,False
direwolf-github/ephemeral-ci-2a5e90bb,-1,-1,-1,False,True,False,False
direwolf-github/ephemeral-ci-2a5ea22d,-1,-1,-1,False,True,False,False
direwolf-github/ephemeral-ci-2a5eb53b,-1,-1,-1,False,True,False,False
direwolf-github/ephemeral-ci-2a5eb802,-1,-1,-1,False,True,False,False
direwolf-github/ephemeral-ci-2a5ec154,-1,-1,-1,False,True,False,False
direwolf-github/ephemeral-ci-2a5ec780,-1,-1,-1,False,True,False,False
direwolf-github/ephemeral-ci-2a5ecec8,-1,-1,-1,False,True,False,False
direwolf-github/ephemeral-ci-2a5ed756,-1,-1,-1,False,True,False,False
direwolf-github/ephemeral-ci-2a5ed7b8,-1,-1,-1,False,True,False,False
direwolf-github/ephemeral-ci-2a5ed8da,-1,-1,-1,False,True,False,False
direwolf-github/ephemeral-ci-2a5eee25,-1,-1,-1,False,True,False,False
direwolf-github/ephemeral-ci-2a5f1067,-1,-1,-1,False,True,False,False
direwolf-github/ephemeral-ci-2a5f2d84,-1,-1,-1,False,True,False,False
direwolf-github/ephemeral-ci-2a5f4ec4,-1,-1,-1,False,True,False,False
direwolf-github/ephemeral-ci-2a5f5136,-1,-1,-1,False,True,False,False
direwolf-github/ephemeral-ci-2a5f5ad9,-1,-1,-1,False,True,False,False
direwolf-github/ephemeral-ci-2a5f64b3,-1,-1,-1,False,True,False,False
direwolf-github/ephemeral-ci-2a5f6f7d,-1,-1,-1,False,True,False,False
direwolf-github/ephemeral-ci-2a5f7cfb,-1,-1,-1,False,True,False,False
direwolf-github/ephemeral-ci-2a5f7dbc,-1,-1,-1,False,True,False,False
direwolf-github/ephemeral-ci-2a5f8b3b,-1,-1,-1,False,True,False,False
direwolf-github/ephemeral-ci-2a5f8c4d,0,0,1,False,False,False,False
direwolf-github/ephemeral-ci-2a5f945d,-1,-1,-1,False,True,False,False
direwolf-github/ephemeral-ci-2a5f9db0,-1,-1,-1,False,True,False,False
direwolf-github/ephemeral-ci-2a5fa01e,-1,-1,-1,False,True,False,False
direwolf-github/ephemeral-ci-2a5fa97d,-1,-1,-1,False,True,False,False
direwolf-github/ephemeral-ci-2a5fb6a7,-1,-1,-1,False,True,False,False
direwolf-github/ephemeral-ci-2a5fd86a,-1,-1,-1,False,True,False,False
direwolf-github/ephemeral-ci-2a5febc0,-1,-1,-1,False,True,False,False
direwolf-github/ephemeral-ci-2a600876,-1,-1,-1,False,True,False,False
direwolf-github/ephemeral-ci-2a600fcc,-1,-1,-1,False,True,False,False
direwolf-github/ephemeral-ci-2a602394,-1,-1,-1,False,True,False,False
direwolf-github/ephemeral-ci-2a6039dd,-1,-1,-1,False,True,False,False
direwolf-github/ephemeral-ci-2a603aaf,-1,-1,-1,False,True,False,False
direwolf-github/ephemeral-ci-2a604dfe,-1,-1,-1,False,True,False,False
direwolf-github/ephemeral-ci-2a6050c4,-1,-1,-1,False,True,False,False
direwolf-github/ephemeral-ci-2a6052d0,-1,-1,-1,False,True,False,False
direwolf-github/ephemeral-ci-2a605e5e,-1,-1,-1,False,True,False,False
direwolf-github/ephemeral-ci-2a6062b7,-1,-1,-1,False,True,False,False
direwolf-github/ephemeral-ci-2a606406,-1,-1,-1,False,True,False,False
direwolf-github/ephemeral-ci-2a606fac,-1,-1,-1,False,True,False,False
direwolf-github/ephemeral-ci-2a6085f5,-1,-1,-1,False,True,False,False
direwolf-github/ephemeral-ci-2a6087e2,-1,-1,-1,False,True,False,False
direwolf-github/ephemeral-ci-2a608a3e,-1,-1,-1,False,True,False,False
direwolf-github/ephemeral-ci-2a609875,-1,-1,-1,False,True,False,False
direwolf-github/ephemeral-ci-2a609cdf,-1,-1,-1,False,True,False,False
direwolf-github/ephemeral-ci-2a60adbc,-1,-1,-1,False,True,False,False
direwolf-github/ephemeral-ci-2a60b930,-1,-1,-1,False,True,False,False
direwolf-github/ephemeral-ci-2a60d700,-1,-1,-1,False,True,False,False
direwolf-github/ephemeral-ci-2a60d880,-1,-1,-1,False,True,False,False
direwolf-github/ephemeral-ci-2a60e597,-1,-1,-1,False,True,False,False
direwolf-github/ephemeral-ci-2a610db4,-1,-1,-1,False,True,False,False
direwolf-github/ephemeral-ci-2a61135b,-1,-1,-1,False,True,False,False
direwolf-github/ephemeral-ci-2a612b9f,-1,-1,-1,False,True,False,False
direwolf-github/ephemeral-ci-2a61339c,-1,-1,-1,False,True,False,False
direwolf-github/ephemeral-ci-2a6147b7,0,0,1,False,False,False,False
direwolf-github/ephemeral-ci-2a614d14,-1,-1,-1,False,True,False,False
direwolf-github/ephemeral-ci-2a615314,-1,-1,-1,False,True,False,False
direwolf-github/ephemeral-ci-2a6155cd,-1,-1,-1,False,True,False,False
direwolf-github/ephemeral-ci-2a6181ec,-1,-1,-1,False,True,False,False
direwolf-github/ephemeral-ci-2a6196cb,-1,-1,-1,False,True,False,False
direwolf-github/ephemeral-ci-2a619a97,-1,-1,-1,False,True,False,False
direwolf-github/ephemeral-ci-2a619aeb,-1,-1,-1,False,True,False,False
direwolf-github/ephemeral-ci-2a619d25,-1,-1,-1,False,True,False,False
direwolf-github/ephemeral-ci-2a61a239,-1,-1,-1,False,True,False,False
direwolf-github/ephemeral-ci-2a61a449,-1,-1,-1,False,True,False,False
direwolf-github/ephemeral-ci-2a61c3c0,-1,-1,-1,False,True,False,False
direwolf-github/ephemeral-ci-2a61d1cb,-1,-1,-1,False,True,False,False
direwolf-github/ephemeral-ci-2a61dfad,-1,-1,-1,False,True,False,False
direwolf-github/ephemeral-ci-2a61e3b9,-1,-1,-1,False,True,False,False
direwolf-github/ephemeral-ci-2a61f5cd,-1,-1,-1,False,True,False,False
direwolf-github/ephemeral-ci-2a61f68d,-1,-1,-1,False,True,False,False
direwolf-github/ephemeral-ci-2a620d9d,-1,-1,-1,False,True,False,False
direwolf-github/ephemeral-ci-2a621a5b,-1,-1,-1,False,True,False,False
direwolf-github/ephemeral-ci-2a621c03,-1,-1,-1,False,True,False,False
direwolf-github/ephemeral-ci-2a621e5d,-1,-1,-1,False,True,False,False
direwolf-github/ephemeral-ci-2a622588,-1,-1,-1,False,True,False,False
direwolf-github/ephemeral-ci-2a6227b6,-1,-1,-1,False,True,False,False
direwolf-github/ephemeral-ci-2a622b4d,-1,-1,-1,False,True,False,False
direwolf-github/ephemeral-ci-2a624e8a,-1,-1,-1,False,True,False,False
direwolf-github/ephemeral-ci-2a625173,-1,-1,-1,False,True,False,False
direwolf-github/ephemeral-ci-2a626abd,-1,-1,-1,False,True,False,False
direwolf-github/ephemeral-ci-2a62756d,-1,-1,-1,False,True,False,False
direwolf-github/ephemeral-ci-2a6283b4,-1,-1,-1,False,True,False,False
direwolf-github/ephemeral-ci-2a6286b3,-1,-1,-1,False,True,False,False
direwolf-github/ephemeral-ci-2a628f6c,-1,-1,-1,False,True,False,False
direwolf-github/ephemeral-ci-2a62a6df,-1,-1,-1,False,True,False,False
direwolf-github/ephemeral-ci-2a62ab4b,-1,-1,-1,False,True,False,False
direwolf-github/ephemeral-ci-2a62b15f,-1,-1,-1,False,True,False,False
direwolf-github/ephemeral-ci-2a62b72a,-1,-1,-1,False,True,False,False
direwolf-github/ephemeral-ci-2a62bcfd,-1,-1,-1,False,True,False,False
direwolf-github/ephemeral-ci-2a62c132,-1,-1,-1,False,True,False,False
direwolf-github/ephemeral-ci-2a62cafc,-1,-1,-1,False,True,False,False
direwolf-github/ephemeral-ci-2a62d07e,-1,-1,-1,False,True,False,False
direwolf-github/ephemeral-ci-2a62dfa0,-1,-1,-1,False,True,False,False
direwolf-github/ephemeral-ci-2a62e16a,-1,-1,-1,False,True,False,False
direwolf-github/ephemeral-ci-2a63045f,-1,-1,-1,False,True,False,False
direwolf-github/ephemeral-ci-2a631f1f,-1,-1,-1,False,True,False,False
direwolf-github/ephemeral-ci-2a63212c,-1,-1,-1,False,True,False,False
direwolf-github/ephemeral-ci-2a63235c,-1,-1,-1,False,True,False,False
direwolf-github/ephemeral-ci-2a6332bd,-1,-1,-1,False,True,False,False
direwolf-github/ephemeral-ci-2a6335d7,-1,-1,-1,False,True,False,False
direwolf-github/ephemeral-ci-2a633d35,-1,-1,-1,False,True,False,False
direwolf-github/ephemeral-ci-2a634566,-1,-1,-1,False,True,False,False
direwolf-github/ephemeral-ci-2a63472e,-1,-1,-1,False,True,False,False
direwolf-github/ephemeral-ci-2a634dee,-1,-1,-1,False,True,False,False
direwolf-github/ephemeral-ci-2a636941,-1,-1,-1,False,True,False,False
direwolf-github/ephemeral-ci-2a636fb6,-1,-1,-1,False,True,False,False
direwolf-github/ephemeral-ci-2a637612,-1,-1,-1,False,True,False,False
direwolf-github/ephemeral-ci-2a637b8c,-1,-1,-1,False,True,False,False
direwolf-github/ephemeral-ci-2a638703,-1,-1,-1,False,True,False,False
direwolf-github/ephemeral-ci-2a63890e,-1,-1,-1,False,True,False,False
direwolf-github/ephemeral-ci-2a638b7b,-1,-1,-1,False,True,False,False
direwolf-github/ephemeral-ci-2a63953d,-1,-1,-1,False,True,False,False
direwolf-github/ephemeral-ci-2a63a290,-1,-1,-1,False,True,False,False
direwolf-github/ephemeral-ci-2a63a339,-1,-1,-1,False,True,False,False
direwolf-github/ephemeral-ci-2a63b0b7,-1,-1,-1,False,True,False,False
direwolf-github/ephemeral-ci-2a63b8fd,-1,-1,-1,False,True,False,False
direwolf-github/ephemeral-ci-2a63c200,-1,-1,-1,False,True,False,False
direwolf-github/ephemeral-ci-2a63c7f4,-1,-1,-1,False,True,False,False
direwolf-github/ephemeral-ci-2a63cb99,-1,-1,-1,False,True,False,False
direwolf-github/ephemeral-ci-2a63d00b,-1,-1,-1,False,True,False,False
direwolf-github/ephemeral-ci-2a63d605,-1,-1,-1,False,True,False,False
direwolf-github/ephemeral-ci-2a63d9fa,-1,-1,-1,False,True,False,False
direwolf-github/ephemeral-ci-2a63de66,-1,-1,-1,False,True,False,False
direwolf-github/ephemeral-ci-2a63de98,-1,-1,-1,False,True,False,False
direwolf-github/ephemeral-ci-2a63eb71,-1,-1,-1,False,True,False,False
direwolf-github/ephemeral-ci-2a63ef72,-1,-1,-1,False,True,False,False
direwolf-github/ephemeral-ci-2a63f869,-1,-1,-1,False,True,False,False
direwolf-github/ephemeral-ci-2a63fe4e,-1,-1,-1,False,True,False,False
direwolf-github/ephemeral-ci-2a6413ee,-1,-1,-1,False,True,False,False
direwolf-github/ephemeral-ci-2a641c71,-1,-1,-1,False,True,False,False
direwolf-github/ephemeral-ci-2a642411,-1,-1,-1,False,True,False,False
direwolf-github/ephemeral-ci-2a6425ad,-1,-1,-1,False,True,False,False
direwolf-github/ephemeral-ci-2a642ded,-1,-1,-1,False,True,False,False
direwolf-github/ephemeral-ci-2a6436db,-1,-1,-1,False,True,False,False
direwolf-github/ephemeral-ci-2a643ba8,-1,-1,-1,False,True,False,False
direwolf-github/ephemeral-ci-2a643c82,-1,-1,-1,False,True,False,False
direwolf-github/ephemeral-ci-2a643dc7,-1,-1,-1,False,True,False,False
direwolf-github/ephemeral-ci-2a643e01,-1,-1,-1,False,True,False,False
direwolf-github/ephemeral-ci-2a644516,-1,-1,-1,False,True,False,False
direwolf-github/ephemeral-ci-2a64457c,-1,-1,-1,False,True,False,False
direwolf-github/ephemeral-ci-2a644c9f,-1,-1,-1,False,True,False,False
direwolf-github/ephemeral-ci-2a645cb4,-1,-1,-1,False,True,False,False
direwolf-github/ephemeral-ci-2a645fdd,-1,-1,-1,False,True,False,False
direwolf-github/ephemeral-ci-2a646cc2,-1,-1,-1,False,True,False,False
direwolf-github/ephemeral-ci-2a647e7b,-1,-1,-1,False,True,False,False
direwolf-github/ephemeral-ci-2a647ed3,-1,-1,-1,False,True,False,False
direwolf-github/ephemeral-ci-2a64802f,-1,-1,-1,False,True,False,False
direwolf-github/ephemeral-ci-2a648834,-1,-1,-1,False,True,False,False
direwolf-github/ephemeral-ci-2a648fc6,-1,-1,-1,False,True,False,False
direwolf-github/ephemeral-ci-2a649a41,-1,-1,-1,False,True,False,False
direwolf-github/ephemeral-ci-2a649a5f,-1,-1,-1,False,True,False,False
direwolf-github/ephemeral-ci-2a649d25,-1,-1,-1,False,True,False,False
direwolf-github/ephemeral-ci-2a64a196,-1,-1,-1,False,True,False,False
direwolf-github/ephemeral-ci-2a64a1fc,-1,-1,-1,False,True,False,False
direwolf-github/ephemeral-ci-2a64a6b6,-1,-1,-1,False,True,False,False
direwolf-github/ephemeral-ci-2a64bba6,-1,-1,-1,False,True,False,False
direwolf-github/ephemeral-ci-2a64c47c,-1,-1,-1,False,True,False,False
direwolf-github/ephemeral-ci-2a64ccf9,-1,-1,-1,False,True,False,False
direwolf-github/ephemeral-ci-2a64d5ba,-1,-1,-1,False,True,False,False
direwolf-github/ephemeral-ci-2a64d960,-1,-1,-1,False,True,False,False
direwolf-github/ephemeral-ci-2a64e6a3,-1,-1,-1,False,True,False,False
direwolf-github/ephemeral-ci-2a64e8d6,-1,-1,-1,False,True,False,False
direwolf-github/ephemeral-ci-2a64f19a,-1,-1,-1,False,True,False,False
direwolf-github/ephemeral-ci-2a64fce7,-1,-1,-1,False,True,False,False
direwolf-github/ephemeral-ci-2a650763,-1,-1,-1,False,True,False,False
direwolf-github/ephemeral-ci-2a6510ec,-1,-1,-1,False,True,False,False
direwolf-github/ephemeral-ci-2a6514dc,-1,-1,-1,False,True,False,False
direwolf-github/ephemeral-ci-2a652395,-1,-1,-1,False,True,False,False
direwolf-github/ephemeral-ci-2a652c54,-1,-1,-1,False,True,False,False
direwolf-github/ephemeral-ci-2a652cc2,-1,-1,-1,False,True,False,False
direwolf-github/ephemeral-ci-2a653b8a,-1,-1,-1,False,True,False,False
direwolf-github/ephemeral-ci-2a653e24,-1,-1,-1,False,True,False,False
direwolf-github/ephemeral-ci-2a65430b,-1,-1,-1,False,True,False,False
direwolf-github/ephemeral-ci-2a6543fe,-1,-1,-1,False,True,False,False
direwolf-github/ephemeral-ci-2a6553c9,-1,-1,-1,False,True,False,False
direwolf-github/ephemeral-ci-2a65577d,-1,-1,-1,False,True,False,False
direwolf-github/ephemeral-ci-2a655a0e,-1,-1,-1,False,True,False,False
direwolf-github/ephemeral-ci-2a656c51,-1,-1,-1,False,True,False,False
direwolf-github/ephemeral-ci-2a6588f9,-1,-1,-1,False,True,False,False
direwolf-github/ephemeral-ci-2a659aa9,-1,-1,-1,False,True,False,False
direwolf-github/ephemeral-ci-2a65a10a,-1,-1,-1,False,True,False,False
direwolf-github/ephemeral-ci-2a65a71d,-1,-1,-1,False,True,False,False
direwolf-github/ephemeral-ci-2a65af95,-1,-1,-1,False,True,False,False
direwolf-github/ephemeral-ci-2a65b022,-1,-1,-1,False,True,False,False
direwolf-github/ephemeral-ci-2a65b3b7,-1,-1,-1,False,True,False,False
direwolf-github/ephemeral-ci-2a65c16b,-1,-1,-1,False,True,False,False
direwolf-github/ephemeral-ci-2a65cbd4,-1,-1,-1,False,True,False,False
direwolf-github/ephemeral-ci-2a65ce81,-1,-1,-1,False,True,False,False
direwolf-github/ephemeral-ci-2a65d6b7,-1,-1,-1,False,True,False,False
direwolf-github/ephemeral-ci-2a65eafe,-1,-1,-1,False,True,False,False
direwolf-github/ephemeral-ci-2a65f0db,-1,-1,-1,False,True,False,False
direwolf-github/ephemeral-ci-2a65f383,-1,-1,-1,False,True,False,False
direwolf-github/ephemeral-ci-2a65f61d,-1,-1,-1,False,True,False,False
direwolf-github/ephemeral-ci-2a660fa7,-1,-1,-1,False,True,False,False
direwolf-github/ephemeral-ci-2a6618e6,-1,-1,-1,False,True,False,False
direwolf-github/ephemeral-ci-2a6618eb,-1,-1,-1,False,True,False,False
direwolf-github/ephemeral-ci-2a661e74,-1,-1,-1,False,True,False,False
direwolf-github/ephemeral-ci-2a662472,-1,-1,-1,False,True,False,False
direwolf-github/ephemeral-ci-2a664d2b,-1,-1,-1,False,True,False,False
direwolf-github/ephemeral-ci-2a664e43,-1,-1,-1,False,True,False,False
direwolf-github/ephemeral-ci-2a6654ed,-1,-1,-1,False,True,False,False
direwolf-github/ephemeral-ci-2a66575b,-1,-1,-1,False,True,False,False
direwolf-github/ephemeral-ci-2a665acd,-1,-1,-1,False,True,False,False
direwolf-github/ephemeral-ci-2a665ce0,-1,-1,-1,False,True,False,False
direwolf-github/ephemeral-ci-2a665fe5,-1,-1,-1,False,True,False,False
direwolf-github/ephemeral-ci-2a666c5b,-1,-1,-1,False,True,False,False
direwolf-github/ephemeral-ci-2a6670e2,-1,-1,-1,False,True,False,False
direwolf-github/ephemeral-ci-2a6673d9,-1,-1,-1,False,True,False,False
direwolf-github/ephemeral-ci-2a667fb0,-1,-1,-1,False,True,False,False
direwolf-github/ephemeral-ci-2a668cd6,-1,-1,-1,False,True,False,False
direwolf-github/ephemeral-ci-2a66a194,-1,-1,-1,False,True,False,False
direwolf-github/ephemeral-ci-2a66adf0,-1,-1,-1,False,True,False,False
direwolf-github/ephemeral-ci-2a66bf34,-1,-1,-1,False,True,False,False
direwolf-github/ephemeral-ci-2a66c073,-1,-1,-1,False,True,False,False
direwolf-github/ephemeral-ci-2a66c500,-1,-1,-1,False,True,False,False
direwolf-github/ephemeral-ci-2a66caf5,-1,-1,-1,False,True,False,False
direwolf-github/ephemeral-ci-2a66d75e,-1,-1,-1,False,True,False,False
direwolf-github/ephemeral-ci-2a66da00,-1,-1,-1,False,True,False,False
direwolf-github/ephemeral-ci-2a66dc6f,-1,-1,-1,False,True,False,False
direwolf-github/ephemeral-ci-2a66e01f,-1,-1,-1,False,True,False,False
direwolf-github/ephemeral-ci-2a66f022,-1,-1,-1,False,True,False,False
direwolf-github/ephemeral-ci-2a66f160,-1,-1,-1,False,True,False,False
direwolf-github/ephemeral-ci-2a66f560,-1,-1,-1,False,True,False,False
direwolf-github/ephemeral-ci-2a670805,-1,-1,-1,False,True,False,False
direwolf-github/ephemeral-ci-2a67204a,-1,-1,-1,False,True,False,False
direwolf-github/ephemeral-ci-2a6721a1,-1,-1,-1,False,True,False,False
direwolf-github/ephemeral-ci-2a672654,-1,-1,-1,False,True,False,False
direwolf-github/ephemeral-ci-2a6736a3,-1,-1,-1,False,True,False,False
direwolf-github/ephemeral-ci-2a673d8f,-1,-1,-1,False,True,False,False
direwolf-github/ephemeral-ci-2a67404d,-1,-1,-1,False,True,False,False
direwolf-github/ephemeral-ci-2a67518e,-1,-1,-1,False,True,False,False
direwolf-github/ephemeral-ci-2a675331,-1,-1,-1,False,True,False,False
direwolf-github/ephemeral-ci-2a675e98,-1,-1,-1,False,True,False,False
direwolf-github/ephemeral-ci-2a676e2b,-1,-1,-1,False,True,False,False
direwolf-github/ephemeral-ci-2a677af8,-1,-1,-1,False,True,False,False
direwolf-github/ephemeral-ci-2a678050,-1,-1,-1,False,True,False,False
direwolf-github/ephemeral-ci-2a6786ff,-1,-1,-1,False,True,False,False
direwolf-github/ephemeral-ci-2a678781,-1,-1,-1,False,True,False,False
direwolf-github/ephemeral-ci-2a678788,-1,-1,-1,False,True,False,False
direwolf-github/ephemeral-ci-2a678dbf,-1,-1,-1,False,True,False,False
direwolf-github/ephemeral-ci-2a679318,-1,-1,-1,False,True,False,False
direwolf-github/ephemeral-ci-2a6793f0,-1,-1,-1,False,True,False,False
direwolf-github/ephemeral-ci-2a67a6f1,-1,-1,-1,False,True,False,False
direwolf-github/ephemeral-ci-2a67b15a,-1,-1,-1,False,True,False,False
direwolf-github/ephemeral-ci-2a67cdd7,-1,-1,-1,False,True,False,False
direwolf-github/ephemeral-ci-2a67f19b,-1,-1,-1,False,True,False,False
direwolf-github/ephemeral-ci-2a680909,-1,-1,-1,False,True,False,False
direwolf-github/ephemeral-ci-2a680b5e,-1,-1,-1,False,True,False,False
direwolf-github/ephemeral-ci-2a6811f2,-1,-1,-1,False,True,False,False
direwolf-github/ephemeral-ci-2a6815ff,-1,-1,-1,False,True,False,False
direwolf-github/ephemeral-ci-2a68165c,-1,-1,-1,False,True,False,False
direwolf-github/ephemeral-ci-2a681945,-1,-1,-1,False,True,False,False
direwolf-github/ephemeral-ci-2a681a26,-1,-1,-1,False,True,False,False
direwolf-github/ephemeral-ci-2a681ccf,-1,-1,-1,False,True,False,False
direwolf-github/ephemeral-ci-2a68471c,-1,-1,-1,False,True,False,False
direwolf-github/ephemeral-ci-2a6849df,-1,-1,-1,False,True,False,False
direwolf-github/ephemeral-ci-2a684cf3,-1,-1,-1,False,True,False,False
direwolf-github/ephemeral-ci-2a685976,-1,-1,-1,False,True,False,False
direwolf-github/ephemeral-ci-2a685c05,-1,-1,-1,False,True,False,False
direwolf-github/ephemeral-ci-2a685df7,-1,-1,-1,False,True,False,False
direwolf-github/ephemeral-ci-2a686aae,-1,-1,-1,False,True,False,False
direwolf-github/ephemeral-ci-2a687b1c,-1,-1,-1,False,True,False,False
direwolf-github/ephemeral-ci-2a688892,-1,-1,-1,False,True,False,False
direwolf-github/ephemeral-ci-2a6893e3,-1,-1,-1,False,True,False,False
direwolf-github/ephemeral-ci-2a68968c,-1,-1,-1,False,True,False,False
direwolf-github/ephemeral-ci-2a689940,-1,-1,-1,False,True,False,False
direwolf-github/ephemeral-ci-2a689b2d,-1,-1,-1,False,True,False,False
direwolf-github/ephemeral-ci-2a689bf9,-1,-1,-1,False,True,False,False
direwolf-github/ephemeral-ci-2a689e8f,-1,-1,-1,False,True,False,False
direwolf-github/ephemeral-ci-2a68a906,-1,-1,-1,False,True,False,False
direwolf-github/ephemeral-ci-2a68bf69,-1,-1,-1,False,True,False,False
direwolf-github/ephemeral-ci-2a68c17a,-1,-1,-1,False,True,False,False
direwolf-github/ephemeral-ci-2a68ca5f,-1,-1,-1,False,True,False,False
direwolf-github/ephemeral-ci-2a68d2df,-1,-1,-1,False,True,False,False
direwolf-github/ephemeral-ci-2a68e68d,-1,-1,-1,False,True,False,False
direwolf-github/ephemeral-ci-2a68e832,-1,-1,-1,False,True,False,False
direwolf-github/ephemeral-ci-2a68f725,-1,-1,-1,False,True,False,False
direwolf-github/ephemeral-ci-2a68fe5f,-1,-1,-1,False,True,False,False
direwolf-github/ephemeral-ci-2a68ff27,-1,-1,-1,False,True,False,False
direwolf-github/ephemeral-ci-2a690926,-1,-1,-1,False,True,False,False
direwolf-github/ephemeral-ci-2a6910f8,-1,-1,-1,False,True,False,False
direwolf-github/ephemeral-ci-2a6933c4,-1,-1,-1,False,True,False,False
direwolf-github/ephemeral-ci-2a693477,-1,-1,-1,False,True,False,False
direwolf-github/ephemeral-ci-2a694193,-1,-1,-1,False,True,False,False
direwolf-github/ephemeral-ci-2a695291,-1,-1,-1,False,True,False,False
direwolf-github/ephemeral-ci-2a6955ab,-1,-1,-1,False,True,False,False
direwolf-github/ephemeral-ci-2a695cfc,-1,-1,-1,False,True,False,False
direwolf-github/ephemeral-ci-2a6963e1,-1,-1,-1,False,True,False,False
direwolf-github/ephemeral-ci-2a696b00,-1,-1,-1,False,True,False,False
direwolf-github/ephemeral-ci-2a697406,-1,-1,-1,False,True,False,False
direwolf-github/ephemeral-ci-2a698317,-1,-1,-1,False,True,False,False
direwolf-github/ephemeral-ci-2a698aea,-1,-1,-1,False,True,False,False
direwolf-github/ephemeral-ci-2a698f67,-1,-1,-1,False,True,False,False
direwolf-github/ephemeral-ci-2a699b59,-1,-1,-1,False,True,False,False
direwolf-github/ephemeral-ci-2a699d5b,-1,-1,-1,False,True,False,False
direwolf-github/ephemeral-ci-2a699e0d,-1,-1,-1,False,True,False,False
direwolf-github/ephemeral-ci-2a69a476,-1,-1,-1,False,True,False,False
direwolf-github/ephemeral-ci-2a69a9c4,-1,-1,-1,False,True,False,False
direwolf-github/ephemeral-ci-2a69b35f,-1,-1,-1,False,True,False,False
direwolf-github/ephemeral-ci-2a69c2eb,-1,-1,-1,False,True,False,False
direwolf-github/ephemeral-ci-2a69cc05,-1,-1,-1,False,True,False,False
direwolf-github/ephemeral-ci-2a69d43b,-1,-1,-1,False,True,False,False
direwolf-github/ephemeral-ci-2a69dc1a,-1,-1,-1,False,True,False,False
direwolf-github/ephemeral-ci-2a69f1ef,-1,-1,-1,False,True,False,False
direwolf-github/ephemeral-ci-2a69ff88,-1,-1,-1,False,True,False,False
direwolf-github/ephemeral-ci-2a6a0ee9,-1,-1,-1,False,True,False,False
direwolf-github/ephemeral-ci-2a6a17b0,-1,-1,-1,False,True,False,False
direwolf-github/ephemeral-ci-2a6a1920,-1,-1,-1,False,True,False,False
direwolf-github/ephemeral-ci-2a6a1b84,-1,-1,-1,False,True,False,False
direwolf-github/ephemeral-ci-2a6a1ccb,-1,-1,-1,False,True,False,False
direwolf-github/ephemeral-ci-2a6a22bf,-1,-1,-1,False,True,False,False
direwolf-github/ephemeral-ci-2a6a2f97,-1,-1,-1,False,True,False,False
direwolf-github/ephemeral-ci-2a6a4123,-1,-1,-1,False,True,False,False
direwolf-github/ephemeral-ci-2a6a47e7,-1,-1,-1,False,True,False,False
direwolf-github/ephemeral-ci-2a6a489f,-1,-1,-1,False,True,False,False
direwolf-github/ephemeral-ci-2a6a4b09,-1,-1,-1,False,True,False,False
direwolf-github/ephemeral-ci-2a6a4b33,-1,-1,-1,False,True,False,False
direwolf-github/ephemeral-ci-2a6a66fc,-1,-1,-1,False,True,False,False
direwolf-github/ephemeral-ci-2a6a7000,-1,-1,-1,False,True,False,False
direwolf-github/ephemeral-ci-2a6a80f6,-1,-1,-1,False,True,False,False
direwolf-github/ephemeral-ci-2a6a8afd,-1,-1,-1,False,True,False,False
direwolf-github/ephemeral-ci-2a6a8ec9,-1,-1,-1,False,True,False,False
direwolf-github/ephemeral-ci-2a6a9894,-1,-1,-1,False,True,False,False
direwolf-github/ephemeral-ci-2a6aa122,-1,-1,-1,False,True,False,False
direwolf-github/ephemeral-ci-2a6ab13b,-1,-1,-1,False,True,False,False
direwolf-github/ephemeral-ci-2a6abcee,-1,-1,-1,False,True,False,False
direwolf-github/ephemeral-ci-2a6ac0d0,-1,-1,-1,False,True,False,False
direwolf-github/ephemeral-ci-2a6ac1cb,-1,-1,-1,False,True,False,False
direwolf-github/ephemeral-ci-2a6ae260,-1,-1,-1,False,True,False,False
direwolf-github/ephemeral-ci-2a6ae39c,-1,-1,-1,False,True,False,False
direwolf-github/ephemeral-ci-2a6af31b,-1,-1,-1,False,True,False,False
direwolf-github/ephemeral-ci-2a6af791,-1,-1,-1,False,True,False,False
direwolf-github/ephemeral-ci-2a6afb33,-1,-1,-1,False,True,False,False
direwolf-github/ephemeral-ci-2a6b0137,-1,-1,-1,False,True,False,False
direwolf-github/ephemeral-ci-2a6b02f3,-1,-1,-1,False,True,False,False
direwolf-github/ephemeral-ci-2a6b0b0b,-1,-1,-1,False,True,False,False
direwolf-github/ephemeral-ci-2a6b0cfa,-1,-1,-1,False,True,False,False
direwolf-github/ephemeral-ci-2a6b1227,-1,-1,-1,False,True,False,False
direwolf-github/ephemeral-ci-2a6b14ba,-1,-1,-1,False,True,False,False
direwolf-github/ephemeral-ci-2a6b1a90,-1,-1,-1,False,True,False,False
direwolf-github/ephemeral-ci-2a6b1cd4,-1,-1,-1,False,True,False,False
direwolf-github/ephemeral-ci-2a6b22d6,-1,-1,-1,False,True,False,False
direwolf-github/ephemeral-ci-2a6b2779,-1,-1,-1,False,True,False,False
direwolf-github/ephemeral-ci-2a6b2a9f,-1,-1,-1,False,True,False,False
direwolf-github/ephemeral-ci-2a6b2cb6,-1,-1,-1,False,True,False,False
direwolf-github/ephemeral-ci-2a6b3624,-1,-1,-1,False,True,False,False
direwolf-github/ephemeral-ci-2a6b442b,-1,-1,-1,False,True,False,False
direwolf-github/ephemeral-ci-2a6b5b99,-1,-1,-1,False,True,False,False
direwolf-github/ephemeral-ci-2a6b691e,-1,-1,-1,False,True,False,False
direwolf-github/ephemeral-ci-2a6b6b72,-1,-1,-1,False,True,False,False
direwolf-github/ephemeral-ci-2a6b707c,-1,-1,-1,False,True,False,False
direwolf-github/ephemeral-ci-2a6b73d5,-1,-1,-1,False,True,False,False
direwolf-github/ephemeral-ci-2a6b73f6,-1,-1,-1,False,True,False,False
direwolf-github/ephemeral-ci-2a6b768e,-1,-1,-1,False,True,False,False
direwolf-github/ephemeral-ci-2a6b79a2,-1,-1,-1,False,True,False,False
direwolf-github/ephemeral-ci-2a6b7f2e,-1,-1,-1,False,True,False,False
direwolf-github/ephemeral-ci-2a6b7f42,-1,-1,-1,False,True,False,False
direwolf-github/ephemeral-ci-2a6b82b8,-1,-1,-1,False,True,False,False
direwolf-github/ephemeral-ci-2a6b9a1f,-1,-1,-1,False,True,False,False
direwolf-github/ephemeral-ci-2a6b9fb6,-1,-1,-1,False,True,False,False
direwolf-github/ephemeral-ci-2a6baca7,-1,-1,-1,False,True,False,False
direwolf-github/ephemeral-ci-2a6bb501,-1,-1,-1,False,True,False,False
direwolf-github/ephemeral-ci-2a6bb7be,-1,-1,-1,False,True,False,False
direwolf-github/ephemeral-ci-2a6bc9e7,-1,-1,-1,False,True,False,False
direwolf-github/ephemeral-ci-2a6bdb46,-1,-1,-1,False,True,False,False
direwolf-github/ephemeral-ci-2a6c0b0b,-1,-1,-1,False,True,False,False
direwolf-github/ephemeral-ci-2a6c0ea6,-1,-1,-1,False,True,False,False
direwolf-github/ephemeral-ci-2a6c2b7c,-1,-1,-1,False,True,False,False
direwolf-github/ephemeral-ci-2a6c3020,-1,-1,-1,False,True,False,False
direwolf-github/ephemeral-ci-2a6c3335,-1,-1,-1,False,True,False,False
direwolf-github/ephemeral-ci-2a6c42ca,-1,-1,-1,False,True,False,False
direwolf-github/ephemeral-ci-2a6c4cac,-1,-1,-1,False,True,False,False
direwolf-github/ephemeral-ci-2a6c4f1c,-1,-1,-1,False,True,False,False
direwolf-github/ephemeral-ci-2a6c73dc,-1,-1,-1,False,True,False,False
direwolf-github/ephemeral-ci-2a6c761a,-1,-1,-1,False,True,False,False
direwolf-github/ephemeral-ci-2a6c7ac5,-1,-1,-1,False,True,False,False
direwolf-github/ephemeral-ci-2a6c83a8,-1,-1,-1,False,True,False,False
direwolf-github/ephemeral-ci-2a6c91a0,-1,-1,-1,False,True,False,False
direwolf-github/ephemeral-ci-2a6c96ec,-1,-1,-1,False,True,False,False
direwolf-github/ephemeral-ci-2a6caf3c,-1,-1,-1,False,True,False,False
direwolf-github/ephemeral-ci-2a6cafde,-1,-1,-1,False,True,False,False
direwolf-github/ephemeral-ci-2a6cb009,-1,-1,-1,False,True,False,False
direwolf-github/ephemeral-ci-2a6cbf77,-1,-1,-1,False,True,False,False
direwolf-github/ephemeral-ci-2a6cc306,-1,-1,-1,False,True,False,False
direwolf-github/ephemeral-ci-2a6cc608,-1,-1,-1,False,True,False,False
direwolf-github/ephemeral-ci-2a6cce98,-1,-1,-1,False,True,False,False
direwolf-github/ephemeral-ci-2a6ccf09,-1,-1,-1,False,True,False,False
direwolf-github/ephemeral-ci-2a6cd5fb,-1,-1,-1,False,True,False,False
direwolf-github/ephemeral-ci-2a6cd71d,-1,-1,-1,False,True,False,False
direwolf-github/ephemeral-ci-2a6ce1f1,-1,-1,-1,False,True,False,False
direwolf-github/ephemeral-ci-2a6ce706,-1,-1,-1,False,True,False,False
direwolf-github/ephemeral-ci-2a6cee1f,-1,-1,-1,False,True,False,False
direwolf-github/ephemeral-ci-2a6cf914,-1,-1,-1,False,True,False,False
direwolf-github/ephemeral-ci-2a6cff18,-1,-1,-1,False,True,False,False
direwolf-github/ephemeral-ci-2a6d25a0,-1,-1,-1,False,True,False,False
direwolf-github/ephemeral-ci-2a6d35c0,-1,-1,-1,False,True,False,False
direwolf-github/ephemeral-ci-2a6d4464,-1,-1,-1,False,True,False,False
direwolf-github/ephemeral-ci-2a6d53f9,-1,-1,-1,False,True,False,False
direwolf-github/ephemeral-ci-2a6d5990,-1,-1,-1,False,True,False,False
direwolf-github/ephemeral-ci-2a6d5c2d,-1,-1,-1,False,True,False,False
direwolf-github/ephemeral-ci-2a6d6106,-1,-1,-1,False,True,False,False
direwolf-github/ephemeral-ci-2a6d6ea8,-1,-1,-1,False,True,False,False
direwolf-github/ephemeral-ci-2a6d7eaf,-1,-1,-1,False,True,False,False
direwolf-github/ephemeral-ci-2a6d7ee8,-1,-1,-1,False,True,False,False
direwolf-github/ephemeral-ci-2a6d7f12,-1,-1,-1,False,True,False,False
direwolf-github/ephemeral-ci-2a6d9c9d,-1,-1,-1,False,True,False,False
direwolf-github/ephemeral-ci-2a6d9f77,-1,-1,-1,False,True,False,False
direwolf-github/ephemeral-ci-2a6dac3f,-1,-1,-1,False,True,False,False
direwolf-github/ephemeral-ci-2a6dae54,-1,-1,-1,False,True,False,False
direwolf-github/ephemeral-ci-2a6db2ec,-1,-1,-1,False,True,False,False
direwolf-github/ephemeral-ci-2a6db6f8,-1,-1,-1,False,True,False,False
direwolf-github/ephemeral-ci-2a6dc172,-1,-1,-1,False,True,False,False
direwolf-github/ephemeral-ci-2a6dc406,-1,-1,-1,False,True,False,False
direwolf-github/ephemeral-ci-2a6dc87f,-1,-1,-1,False,True,False,False
direwolf-github/ephemeral-ci-2a6dce30,-1,-1,-1,False,True,False,False
direwolf-github/ephemeral-ci-2a6dcfa3,-1,-1,-1,False,True,False,False
direwolf-github/ephemeral-ci-2a6dd242,0,0,1,False,False,False,False
direwolf-github/ephemeral-ci-2a6dea94,-1,-1,-1,False,True,False,False
direwolf-github/ephemeral-ci-2a6deaf3,-1,-1,-1,False,True,False,False
direwolf-github/ephemeral-ci-2a6deb46,-1,-1,-1,False,True,False,False
direwolf-github/ephemeral-ci-2a6def9c,-1,-1,-1,False,True,False,False
direwolf-github/ephemeral-ci-2a6df87a,-1,-1,-1,False,True,False,False
direwolf-github/ephemeral-ci-2a6e00fc,-1,-1,-1,False,True,False,False
direwolf-github/ephemeral-ci-2a6e0442,-1,-1,-1,False,True,False,False
direwolf-github/ephemeral-ci-2a6e0488,-1,-1,-1,False,True,False,False
direwolf-github/ephemeral-ci-2a6e2d81,-1,-1,-1,False,True,False,False
direwolf-github/ephemeral-ci-2a6e40cd,-1,-1,-1,False,True,False,False
direwolf-github/ephemeral-ci-2a6e5334,-1,-1,-1,False,True,False,False
direwolf-github/ephemeral-ci-2a6e5543,-1,-1,-1,False,True,False,False
direwolf-github/ephemeral-ci-2a6e5fe0,-1,-1,-1,False,True,False,False
direwolf-github/ephemeral-ci-2a6e6d12,-1,-1,-1,False,True,False,False
direwolf-github/ephemeral-ci-2a6e70a4,-1,-1,-1,False,True,False,False
direwolf-github/ephemeral-ci-2a6e804c,-1,-1,-1,False,True,False,False
direwolf-github/ephemeral-ci-2a6e89bc,-1,-1,-1,False,True,False,False
direwolf-github/ephemeral-ci-2a6e9bcb,-1,-1,-1,False,True,False,False
direwolf-github/ephemeral-ci-2a6eb08b,-1,-1,-1,False,True,False,False
direwolf-github/ephemeral-ci-2a6eba10,-1,-1,-1,False,True,False,False
direwolf-github/ephemeral-ci-2a6ec2e0,-1,-1,-1,False,True,False,False
direwolf-github/ephemeral-ci-2a6ec3e1,-1,-1,-1,False,True,False,False
direwolf-github/ephemeral-ci-2a6ed914,-1,-1,-1,False,True,False,False
direwolf-github/ephemeral-ci-2a6ee0ef,-1,-1,-1,False,True,False,False
direwolf-github/ephemeral-ci-2a6ef5ee,-1,-1,-1,False,True,False,False
direwolf-github/ephemeral-ci-2a6efb17,-1,-1,-1,False,True,False,False
direwolf-github/ephemeral-ci-2a6efdc9,-1,-1,-1,False,True,False,False
direwolf-github/ephemeral-ci-2a6f121e,-1,-1,-1,False,True,False,False
direwolf-github/ephemeral-ci-2a6f1260,-1,-1,-1,False,True,False,False
direwolf-github/ephemeral-ci-2a6f2ae5,-1,-1,-1,False,True,False,False
direwolf-github/ephemeral-ci-2a6f3df4,-1,-1,-1,False,True,False,False
direwolf-github/ephemeral-ci-2a6f403e,-1,-1,-1,False,True,False,False
direwolf-github/ephemeral-ci-2a6f5a89,-1,-1,-1,False,True,False,False
direwolf-github/ephemeral-ci-2a6f663c,-1,-1,-1,False,True,False,False
direwolf-github/ephemeral-ci-2a6f69d5,-1,-1,-1,False,True,False,False
direwolf-github/ephemeral-ci-2a6f6e9f,-1,-1,-1,False,True,False,False
direwolf-github/ephemeral-ci-2a6f742f,-1,-1,-1,False,True,False,False
direwolf-github/ephemeral-ci-2a6f7a34,-1,-1,-1,False,True,False,False
direwolf-github/ephemeral-ci-2a6f7de4,-1,-1,-1,False,True,False,False
direwolf-github/ephemeral-ci-2a6f80da,-1,-1,-1,False,True,False,False
direwolf-github/ephemeral-ci-2a6f825f,-1,-1,-1,False,True,False,False
direwolf-github/ephemeral-ci-2a6f974f,-1,-1,-1,False,True,False,False
direwolf-github/ephemeral-ci-2a6f9ee7,-1,-1,-1,False,True,False,False
direwolf-github/ephemeral-ci-2a6fa170,-1,-1,-1,False,True,False,False
direwolf-github/ephemeral-ci-2a6fa21c,-1,-1,-1,False,True,False,False
direwolf-github/ephemeral-ci-2a6fa300,-1,-1,-1,False,True,False,False
direwolf-github/ephemeral-ci-2a6fa54c,-1,-1,-1,False,True,False,False
direwolf-github/ephemeral-ci-2a6faa2f,-1,-1,-1,False,True,False,False
direwolf-github/ephemeral-ci-2a6fba69,-1,-1,-1,False,True,False,False
direwolf-github/ephemeral-ci-2a6fc92f,-1,-1,-1,False,True,False,False
direwolf-github/ephemeral-ci-2a6fce6d,-1,-1,-1,False,True,False,False
direwolf-github/ephemeral-ci-2a6fd350,-1,-1,-1,False,True,False,False
direwolf-github/ephemeral-ci-2a6fde77,-1,-1,-1,False,True,False,False
direwolf-github/ephemeral-ci-2a6fed0a,-1,-1,-1,False,True,False,False
direwolf-github/ephemeral-ci-2a7000e1,-1,-1,-1,False,True,False,False
direwolf-github/ephemeral-ci-2a701318,-1,-1,-1,False,True,False,False
direwolf-github/ephemeral-ci-2a702b3e,-1,-1,-1,False,True,False,False
direwolf-github/ephemeral-ci-2a702b9c,-1,-1,-1,False,True,False,False
direwolf-github/ephemeral-ci-2a702d29,-1,-1,-1,False,True,False,False
direwolf-github/ephemeral-ci-2a704a93,-1,-1,-1,False,True,False,False
direwolf-github/ephemeral-ci-2a70544d,-1,-1,-1,False,True,False,False
direwolf-github/ephemeral-ci-2a705786,-1,-1,-1,False,True,False,False
direwolf-github/ephemeral-ci-2a7058cd,-1,-1,-1,False,True,False,False
direwolf-github/ephemeral-ci-2a706a8e,-1,-1,-1,False,True,False,False
direwolf-github/ephemeral-ci-2a708529,-1,-1,-1,False,True,False,False
direwolf-github/ephemeral-ci-2a7089c8,-1,-1,-1,False,True,False,False
direwolf-github/ephemeral-ci-2a709758,-1,-1,-1,False,True,False,False
direwolf-github/ephemeral-ci-2a709b2b,-1,-1,-1,False,True,False,False
direwolf-github/ephemeral-ci-2a70af91,-1,-1,-1,False,True,False,False
direwolf-github/ephemeral-ci-2a70b34f,-1,-1,-1,False,True,False,False
direwolf-github/ephemeral-ci-2a70cb22,-1,-1,-1,False,True,False,False
direwolf-github/ephemeral-ci-2a70f09d,-1,-1,-1,False,True,False,False
direwolf-github/ephemeral-ci-2a71059f,-1,-1,-1,False,True,False,False
direwolf-github/ephemeral-ci-2a710731,-1,-1,-1,False,True,False,False
direwolf-github/ephemeral-ci-2a710918,-1,-1,-1,False,True,False,False
direwolf-github/ephemeral-ci-2a71168b,-1,-1,-1,False,True,False,False
direwolf-github/ephemeral-ci-2a711bef,-1,-1,-1,False,True,False,False
direwolf-github/ephemeral-ci-2a711cad,-1,-1,-1,False,True,False,False
direwolf-github/ephemeral-ci-2a71240b,-1,-1,-1,False,True,False,False
direwolf-github/ephemeral-ci-2a71355f,-1,-1,-1,False,True,False,False
direwolf-github/ephemeral-ci-2a714176,-1,-1,-1,False,True,False,False
direwolf-github/ephemeral-ci-2a71573e,-1,-1,-1,False,True,False,False
direwolf-github/ephemeral-ci-2a7160a0,-1,-1,-1,False,True,False,False
direwolf-github/ephemeral-ci-2a7171a0,-1,-1,-1,False,True,False,False
direwolf-github/ephemeral-ci-2a7171c0,-1,-1,-1,False,True,False,False
direwolf-github/ephemeral-ci-2a717a32,-1,-1,-1,False,True,False,False
direwolf-github/ephemeral-ci-2a717d09,-1,-1,-1,False,True,False,False
direwolf-github/ephemeral-ci-2a718f80,-1,-1,-1,False,True,False,False
direwolf-github/ephemeral-ci-2a7195f1,-1,-1,-1,False,True,False,False
direwolf-github/ephemeral-ci-2a719806,-1,-1,-1,False,True,False,False
direwolf-github/ephemeral-ci-2a7199d1,-1,-1,-1,False,True,False,False
direwolf-github/ephemeral-ci-2a71a110,-1,-1,-1,False,True,False,False
direwolf-github/ephemeral-ci-2a71aee2,-1,-1,-1,False,True,False,False
direwolf-github/ephemeral-ci-2a71b461,-1,-1,-1,False,True,False,False
direwolf-github/ephemeral-ci-2a71db66,-1,-1,-1,False,True,False,False
direwolf-github/ephemeral-ci-2a71dd5d,-1,-1,-1,False,True,False,False
direwolf-github/ephemeral-ci-2a71f3f6,-1,-1,-1,False,True,False,False
direwolf-github/ephemeral-ci-2a71f4be,-1,-1,-1,False,True,False,False
direwolf-github/ephemeral-ci-2a71f531,-1,-1,-1,False,True,False,False
direwolf-github/ephemeral-ci-2a71f5a6,-1,-1,-1,False,True,False,False
direwolf-github/ephemeral-ci-2a720abe,-1,-1,-1,False,True,False,False
direwolf-github/ephemeral-ci-2a720f2a,-1,-1,-1,False,True,False,False
direwolf-github/ephemeral-ci-2a7215ac,-1,-1,-1,False,True,False,False
direwolf-github/ephemeral-ci-2a721600,-1,-1,-1,False,True,False,False
direwolf-github/ephemeral-ci-2a7219f0,-1,-1,-1,False,True,False,False
direwolf-github/ephemeral-ci-2a7222b9,-1,-1,-1,False,True,False,False
direwolf-github/ephemeral-ci-2a723056,-1,-1,-1,False,True,False,False
direwolf-github/ephemeral-ci-2a723321,-1,-1,-1,False,True,False,False
direwolf-github/ephemeral-ci-2a723659,-1,-1,-1,False,True,False,False
direwolf-github/ephemeral-ci-2a7246ad,-1,-1,-1,False,True,False,False
direwolf-github/ephemeral-ci-2a72480a,-1,-1,-1,False,True,False,False
direwolf-github/ephemeral-ci-2a724c5a,-1,-1,-1,False,True,False,False
direwolf-github/ephemeral-ci-2a724cad,-1,-1,-1,False,True,False,False
direwolf-github/ephemeral-ci-2a724cca,-1,-1,-1,False,True,False,False
direwolf-github/ephemeral-ci-2a724fa3,-1,-1,-1,False,True,False,False
direwolf-github/ephemeral-ci-2a72686f,-1,-1,-1,False,True,False,False
direwolf-github/ephemeral-ci-2a726f5f,-1,-1,-1,False,True,False,False
direwolf-github/ephemeral-ci-2a727b37,-1,-1,-1,False,True,False,False
direwolf-github/ephemeral-ci-2a72876a,-1,-1,-1,False,True,False,False
direwolf-github/ephemeral-ci-2a728dc9,-1,-1,-1,False,True,False,False
direwolf-github/ephemeral-ci-2a72901b,-1,-1,-1,False,True,False,False
direwolf-github/ephemeral-ci-2a72933f,-1,-1,-1,False,True,False,False
direwolf-github/ephemeral-ci-2a7298d8,-1,-1,-1,False,True,False,False
direwolf-github/ephemeral-ci-2a72a41f,-1,-1,-1,False,True,False,False
direwolf-github/ephemeral-ci-2a72a4e4,-1,-1,-1,False,True,False,False
direwolf-github/ephemeral-ci-2a72af82,-1,-1,-1,False,True,False,False
direwolf-github/ephemeral-ci-2a72b1cb,-1,-1,-1,False,True,False,False
direwolf-github/ephemeral-ci-2a72c104,-1,-1,-1,False,True,False,False
direwolf-github/ephemeral-ci-2a72d090,-1,-1,-1,False,True,False,False
direwolf-github/ephemeral-ci-2a72d7fe,-1,-1,-1,False,True,False,False
direwolf-github/ephemeral-ci-2a72d9cb,-1,-1,-1,False,True,False,False
direwolf-github/ephemeral-ci-2a72eff8,-1,-1,-1,False,True,False,False
direwolf-github/ephemeral-ci-2a72f1d1,-1,-1,-1,False,True,False,False
direwolf-github/ephemeral-ci-2a72fc5b,-1,-1,-1,False,True,False,False
direwolf-github/ephemeral-ci-2a731d31,-1,-1,-1,False,True,False,False
direwolf-github/ephemeral-ci-2a7332eb,-1,-1,-1,False,True,False,False
direwolf-github/ephemeral-ci-2a7337b0,-1,-1,-1,False,True,False,False
direwolf-github/ephemeral-ci-2a733a4b,-1,-1,-1,False,True,False,False
direwolf-github/ephemeral-ci-2a734338,-1,-1,-1,False,True,False,False
direwolf-github/ephemeral-ci-2a734574,-1,-1,-1,False,True,False,False
direwolf-github/ephemeral-ci-2a734fa1,-1,-1,-1,False,True,False,False
direwolf-github/ephemeral-ci-2a73531f,-1,-1,-1,False,True,False,False
direwolf-github/ephemeral-ci-2a735977,-1,-1,-1,False,True,False,False
direwolf-github/ephemeral-ci-2a735bdf,-1,-1,-1,False,True,False,False
direwolf-github/ephemeral-ci-2a735d52,-1,-1,-1,False,True,False,False
direwolf-github/ephemeral-ci-2a735ee7,-1,-1,-1,False,True,False,False
direwolf-github/ephemeral-ci-2a7363dc,-1,-1,-1,False,True,False,False
direwolf-github/ephemeral-ci-2a73664c,-1,-1,-1,False,True,False,False
direwolf-github/ephemeral-ci-2a736b44,-1,-1,-1,False,True,False,False
direwolf-github/ephemeral-ci-2a737289,-1,-1,-1,False,True,False,False
direwolf-github/ephemeral-ci-2a737cfe,-1,-1,-1,False,True,False,False
direwolf-github/ephemeral-ci-2a7383d6,-1,-1,-1,False,True,False,False
direwolf-github/ephemeral-ci-2a7387de,-1,-1,-1,False,True,False,False
direwolf-github/ephemeral-ci-2a738afc,-1,-1,-1,False,True,False,False
direwolf-github/ephemeral-ci-2a739264,-1,-1,-1,False,True,False,False
direwolf-github/ephemeral-ci-2a739e5e,-1,-1,-1,False,True,False,False
direwolf-github/ephemeral-ci-2a739e83,-1,-1,-1,False,True,False,False
direwolf-github/ephemeral-ci-2a73b195,-1,-1,-1,False,True,False,False
direwolf-github/ephemeral-ci-2a73b28c,-1,-1,-1,False,True,False,False
direwolf-github/ephemeral-ci-2a73c176,-1,-1,-1,False,True,False,False
direwolf-github/ephemeral-ci-2a73ca07,-1,-1,-1,False,True,False,False
direwolf-github/ephemeral-ci-2a73d237,-1,-1,-1,False,True,False,False
direwolf-github/ephemeral-ci-2a73de81,-1,-1,-1,False,True,False,False
direwolf-github/ephemeral-ci-2a73e089,-1,-1,-1,False,True,False,False
direwolf-github/ephemeral-ci-2a73e3fa,-1,-1,-1,False,True,False,False
direwolf-github/ephemeral-ci-2a73ed93,-1,-1,-1,False,True,False,False
direwolf-github/ephemeral-ci-2a73f183,-1,-1,-1,False,True,False,False
direwolf-github/ephemeral-ci-2a73f7c5,-1,-1,-1,False,True,False,False
direwolf-github/ephemeral-ci-2a73f9ac,-1,-1,-1,False,True,False,False
direwolf-github/ephemeral-ci-2a73fa79,-1,-1,-1,False,True,False,False
direwolf-github/ephemeral-ci-2a740979,-1,-1,-1,False,True,False,False
direwolf-github/ephemeral-ci-2a740da9,-1,-1,-1,False,True,False,False
direwolf-github/ephemeral-ci-2a74182c,-1,-1,-1,False,True,False,False
direwolf-github/ephemeral-ci-2a741c85,-1,-1,-1,False,True,False,False
direwolf-github/ephemeral-ci-2a743360,-1,-1,-1,False,True,False,False
direwolf-github/ephemeral-ci-2a74384b,-1,-1,-1,False,True,False,False
direwolf-github/ephemeral-ci-2a74548c,-1,-1,-1,False,True,False,False
direwolf-github/ephemeral-ci-2a745abd,-1,-1,-1,False,True,False,False
direwolf-github/ephemeral-ci-2a746594,-1,-1,-1,False,True,False,False
direwolf-github/ephemeral-ci-2a746ab8,-1,-1,-1,False,True,False,False
direwolf-github/ephemeral-ci-2a746d44,-1,-1,-1,False,True,False,False
direwolf-github/ephemeral-ci-2a747816,-1,-1,-1,False,True,False,False
direwolf-github/ephemeral-ci-2a74ade6,-1,-1,-1,False,True,False,False
direwolf-github/ephemeral-ci-2a74c5aa,-1,-1,-1,False,True,False,False
direwolf-github/ephemeral-ci-2a74cac4,-1,-1,-1,False,True,False,False
direwolf-github/ephemeral-ci-2a74d791,-1,-1,-1,False,True,False,False
direwolf-github/ephemeral-ci-2a74f040,-1,-1,-1,False,True,False,False
direwolf-github/ephemeral-ci-2a74f0a7,-1,-1,-1,False,True,False,False
direwolf-github/ephemeral-ci-2a74f5f8,-1,-1,-1,False,True,False,False
direwolf-github/ephemeral-ci-2a74ff13,-1,-1,-1,False,True,False,False
direwolf-github/ephemeral-ci-2a750ec1,-1,-1,-1,False,True,False,False
direwolf-github/ephemeral-ci-2a751cb9,-1,-1,-1,False,True,False,False
direwolf-github/ephemeral-ci-2a754263,-1,-1,-1,False,True,False,False
direwolf-github/ephemeral-ci-2a754aea,-1,-1,-1,False,True,False,False
direwolf-github/ephemeral-ci-2a754b3c,-1,-1,-1,False,True,False,False
direwolf-github/ephemeral-ci-2a754d92,-1,-1,-1,False,True,False,False
direwolf-github/ephemeral-ci-2a755316,-1,-1,-1,False,True,False,False
direwolf-github/ephemeral-ci-2a7556f3,-1,-1,-1,False,True,False,False
direwolf-github/ephemeral-ci-2a756fea,-1,-1,-1,False,True,False,False
direwolf-github/ephemeral-ci-2a7576f7,-1,-1,-1,False,True,False,False
direwolf-github/ephemeral-ci-2a757a29,-1,-1,-1,False,True,False,False
direwolf-github/ephemeral-ci-2a757b6c,-1,-1,-1,False,True,False,False
direwolf-github/ephemeral-ci-2a757c07,-1,-1,-1,False,True,False,False
direwolf-github/ephemeral-ci-2a758b81,-1,-1,-1,False,True,False,False
direwolf-github/ephemeral-ci-2a758cb8,-1,-1,-1,False,True,False,False
direwolf-github/ephemeral-ci-2a7591dd,-1,-1,-1,False,True,False,False
direwolf-github/ephemeral-ci-2a759def,-1,-1,-1,False,True,False,False
direwolf-github/ephemeral-ci-2a75b146,-1,-1,-1,False,True,False,False
direwolf-github/ephemeral-ci-2a75b82f,-1,-1,-1,False,True,False,False
direwolf-github/ephemeral-ci-2a75baff,-1,-1,-1,False,True,False,False
direwolf-github/ephemeral-ci-2a75c473,-1,-1,-1,False,True,False,False
direwolf-github/ephemeral-ci-2a75c5a0,-1,-1,-1,False,True,False,False
direwolf-github/ephemeral-ci-2a75c6c2,-1,-1,-1,False,True,False,False
direwolf-github/ephemeral-ci-2a75ce37,-1,-1,-1,False,True,False,False
direwolf-github/ephemeral-ci-2a75daf6,-1,-1,-1,False,True,False,False
direwolf-github/ephemeral-ci-2a75fb71,-1,-1,-1,False,True,False,False
direwolf-github/ephemeral-ci-2a75ff3d,-1,-1,-1,False,True,False,False
direwolf-github/ephemeral-ci-2a760272,-1,-1,-1,False,True,False,False
direwolf-github/ephemeral-ci-2a7602d9,-1,-1,-1,False,True,False,False
direwolf-github/ephemeral-ci-2a760820,-1,-1,-1,False,True,False,False
direwolf-github/ephemeral-ci-2a760a8a,-1,-1,-1,False,True,False,False
direwolf-github/ephemeral-ci-2a761b2b,-1,-1,-1,False,True,False,False
direwolf-github/ephemeral-ci-2a761c4e,-1,-1,-1,False,True,False,False
direwolf-github/ephemeral-ci-2a7627c5,-1,-1,-1,False,True,False,False
direwolf-github/ephemeral-ci-2a763032,-1,-1,-1,False,True,False,False
direwolf-github/ephemeral-ci-2a763270,-1,-1,-1,False,True,False,False
direwolf-github/ephemeral-ci-2a763447,-1,-1,-1,False,True,False,False
direwolf-github/ephemeral-ci-2a7635fc,-1,-1,-1,False,True,False,False
direwolf-github/ephemeral-ci-2a763cc1,-1,-1,-1,False,True,False,False
direwolf-github/ephemeral-ci-2a763cc9,-1,-1,-1,False,True,False,False
direwolf-github/ephemeral-ci-2a764023,-1,-1,-1,False,True,False,False
direwolf-github/ephemeral-ci-2a764e8c,-1,-1,-1,False,True,False,False
direwolf-github/ephemeral-ci-2a76638a,-1,-1,-1,False,True,False,False
direwolf-github/ephemeral-ci-2a7665b0,-1,-1,-1,False,True,False,False
direwolf-github/ephemeral-ci-2a766c17,-1,-1,-1,False,True,False,False
direwolf-github/ephemeral-ci-2a766ce5,-1,-1,-1,False,True,False,False
direwolf-github/ephemeral-ci-2a766e70,-1,-1,-1,False,True,False,False
direwolf-github/ephemeral-ci-2a767081,-1,-1,-1,False,True,False,False
direwolf-github/ephemeral-ci-2a7672ef,-1,-1,-1,False,True,False,False
direwolf-github/ephemeral-ci-2a767345,-1,-1,-1,False,True,False,False
direwolf-github/ephemeral-ci-2a76770f,-1,-1,-1,False,True,False,False
direwolf-github/ephemeral-ci-2a767b3c,-1,-1,-1,False,True,False,False
direwolf-github/ephemeral-ci-2a768d74,-1,-1,-1,False,True,False,False
direwolf-github/ephemeral-ci-2a768fab,-1,-1,-1,False,True,False,False
direwolf-github/ephemeral-ci-2a7690f2,-1,-1,-1,False,True,False,False
direwolf-github/ephemeral-ci-2a7692ac,-1,-1,-1,False,True,False,False
direwolf-github/ephemeral-ci-2a76993e,-1,-1,-1,False,True,False,False
direwolf-github/ephemeral-ci-2a769cdf,-1,-1,-1,False,True,False,False
direwolf-github/ephemeral-ci-2a76a548,-1,-1,-1,False,True,False,False
direwolf-github/ephemeral-ci-2a76a9a8,-1,-1,-1,False,True,False,False
direwolf-github/ephemeral-ci-2a76a9ed,-1,-1,-1,False,True,False,False
direwolf-github/ephemeral-ci-2a76ae72,-1,-1,-1,False,True,False,False
direwolf-github/ephemeral-ci-2a76b9ed,-1,-1,-1,False,True,False,False
direwolf-github/ephemeral-ci-2a76c3a0,-1,-1,-1,False,True,False,False
direwolf-github/ephemeral-ci-2a76e502,-1,-1,-1,False,True,False,False
direwolf-github/ephemeral-ci-2a7706bc,-1,-1,-1,False,True,False,False
direwolf-github/ephemeral-ci-2a77085b,-1,-1,-1,False,True,False,False
direwolf-github/ephemeral-ci-2a7709b4,-1,-1,-1,False,True,False,False
direwolf-github/ephemeral-ci-2a77100d,-1,-1,-1,False,True,False,False
direwolf-github/ephemeral-ci-2a77196c,-1,-1,-1,False,True,False,False
direwolf-github/ephemeral-ci-2a7720b5,-1,-1,-1,False,True,False,False
direwolf-github/ephemeral-ci-2a7722ed,-1,-1,-1,False,True,False,False
direwolf-github/ephemeral-ci-2a772910,-1,-1,-1,False,True,False,False
direwolf-github/ephemeral-ci-2a772d49,-1,-1,-1,False,True,False,False
direwolf-github/ephemeral-ci-2a7737dd,-1,-1,-1,False,True,False,False
direwolf-github/ephemeral-ci-2a7749e6,-1,-1,-1,False,True,False,False
direwolf-github/ephemeral-ci-2a776636,-1,-1,-1,False,True,False,False
direwolf-github/ephemeral-ci-2a776ece,-1,-1,-1,False,True,False,False
direwolf-github/ephemeral-ci-2a776ff5,-1,-1,-1,False,True,False,False
direwolf-github/ephemeral-ci-2a7770be,-1,-1,-1,False,True,False,False
direwolf-github/ephemeral-ci-2a778e38,-1,-1,-1,False,True,False,False
direwolf-github/ephemeral-ci-2a7799fc,-1,-1,-1,False,True,False,False
direwolf-github/ephemeral-ci-2a77ae52,-1,-1,-1,False,True,False,False
direwolf-github/ephemeral-ci-2a77b593,-1,-1,-1,False,True,False,False
direwolf-github/ephemeral-ci-2a77e0c5,-1,-1,-1,False,True,False,False
direwolf-github/ephemeral-ci-2a77e5d4,-1,-1,-1,False,True,False,False
direwolf-github/ephemeral-ci-2a77e84d,-1,-1,-1,False,True,False,False
direwolf-github/ephemeral-ci-2a77f77d,-1,-1,-1,False,True,False,False
direwolf-github/ephemeral-ci-2a78018e,-1,-1,-1,False,True,False,False
direwolf-github/ephemeral-ci-2a7819c1,-1,-1,-1,False,True,False,False
direwolf-github/ephemeral-ci-2a782786,-1,-1,-1,False,True,False,False
direwolf-github/ephemeral-ci-2a782c7e,-1,-1,-1,False,True,False,False
direwolf-github/ephemeral-ci-2a782fb0,-1,-1,-1,False,True,False,False
direwolf-github/ephemeral-ci-2a783130,-1,-1,-1,False,True,False,False
direwolf-github/ephemeral-ci-2a78362e,-1,-1,-1,False,True,False,False
direwolf-github/ephemeral-ci-2a783714,-1,-1,-1,False,True,False,False
direwolf-github/ephemeral-ci-2a783b2d,-1,-1,-1,False,True,False,False
direwolf-github/ephemeral-ci-2a783be9,-1,-1,-1,False,True,False,False
direwolf-github/ephemeral-ci-2a784b93,-1,-1,-1,False,True,False,False
direwolf-github/ephemeral-ci-2a7850bd,-1,-1,-1,False,True,False,False
direwolf-github/ephemeral-ci-2a785409,-1,-1,-1,False,True,False,False
direwolf-github/ephemeral-ci-2a785c09,-1,-1,-1,False,True,False,False
direwolf-github/ephemeral-ci-2a785ee1,-1,-1,-1,False,True,False,False
direwolf-github/ephemeral-ci-2a786dd6,-1,-1,-1,False,True,False,False
direwolf-github/ephemeral-ci-2a787498,-1,-1,-1,False,True,False,False
direwolf-github/ephemeral-ci-2a78812d,-1,-1,-1,False,True,False,False
direwolf-github/ephemeral-ci-2a78828f,-1,-1,-1,False,True,False,False
direwolf-github/ephemeral-ci-2a7889ca,-1,-1,-1,False,True,False,False
direwolf-github/ephemeral-ci-2a78954e,-1,-1,-1,False,True,False,False
direwolf-github/ephemeral-ci-2a78a5bc,-1,-1,-1,False,True,False,False
direwolf-github/ephemeral-ci-2a78b0b3,-1,-1,-1,False,True,False,False
direwolf-github/ephemeral-ci-2a78bd99,-1,-1,-1,False,True,False,False
direwolf-github/ephemeral-ci-2a78c660,-1,-1,-1,False,True,False,False
direwolf-github/ephemeral-ci-2a78d172,-1,-1,-1,False,True,False,False
direwolf-github/ephemeral-ci-2a78d530,-1,-1,-1,False,True,False,False
direwolf-github/ephemeral-ci-2a78da24,-1,-1,-1,False,True,False,False
direwolf-github/ephemeral-ci-2a78e06e,-1,-1,-1,False,True,False,False
direwolf-github/ephemeral-ci-2a78efbe,-1,-1,-1,False,True,False,False
direwolf-github/ephemeral-ci-2a78fdac,-1,-1,-1,False,True,False,False
direwolf-github/ephemeral-ci-2a7908af,-1,-1,-1,False,True,False,False
direwolf-github/ephemeral-ci-2a791980,-1,-1,-1,False,True,False,False
direwolf-github/ephemeral-ci-2a7922ea,-1,-1,-1,False,True,False,False
direwolf-github/ephemeral-ci-2a792456,-1,-1,-1,False,True,False,False
direwolf-github/ephemeral-ci-2a793351,-1,-1,-1,False,True,False,False
direwolf-github/ephemeral-ci-2a793b4d,-1,-1,-1,False,True,False,False
direwolf-github/ephemeral-ci-2a793efa,-1,-1,-1,False,True,False,False
direwolf-github/ephemeral-ci-2a793fde,-1,-1,-1,False,True,False,False
direwolf-github/ephemeral-ci-2a794154,-1,-1,-1,False,True,False,False
direwolf-github/ephemeral-ci-2a794f38,-1,-1,-1,False,True,False,False
direwolf-github/ephemeral-ci-2a79522f,-1,-1,-1,False,True,False,False
direwolf-github/ephemeral-ci-2a7956e0,-1,-1,-1,False,True,False,False
direwolf-github/ephemeral-ci-2a795f00,-1,-1,-1,False,True,False,False
direwolf-github/ephemeral-ci-2a7975c9,-1,-1,-1,False,True,False,False
direwolf-github/ephemeral-ci-2a7976f8,-1,-1,-1,False,True,False,False
direwolf-github/ephemeral-ci-2a79782c,-1,-1,-1,False,True,False,False
direwolf-github/ephemeral-ci-2a79c2ea,-1,-1,-1,False,True,False,False
direwolf-github/ephemeral-ci-2a79c686,-1,-1,-1,False,True,False,False
direwolf-github/ephemeral-ci-2a79cd0a,-1,-1,-1,False,True,False,False
direwolf-github/ephemeral-ci-2a79d238,-1,-1,-1,False,True,False,False
direwolf-github/ephemeral-ci-2a79d6f1,-1,-1,-1,False,True,False,False
direwolf-github/ephemeral-ci-2a79d92b,-1,-1,-1,False,True,False,False
direwolf-github/ephemeral-ci-2a79dac0,-1,-1,-1,False,True,False,False
direwolf-github/ephemeral-ci-2a79dc29,-1,-1,-1,False,True,False,False
direwolf-github/ephemeral-ci-2a79f193,-1,-1,-1,False,True,False,False
direwolf-github/ephemeral-ci-2a7a01c3,-1,-1,-1,False,True,False,False
direwolf-github/ephemeral-ci-2a7a0596,-1,-1,-1,False,True,False,False
direwolf-github/ephemeral-ci-2a7a13be,-1,-1,-1,False,True,False,False
direwolf-github/ephemeral-ci-2a7a1a1b,-1,-1,-1,False,True,False,False
direwolf-github/ephemeral-ci-2a7a3458,-1,-1,-1,False,True,False,False
direwolf-github/ephemeral-ci-2a7a4f74,-1,-1,-1,False,True,False,False
direwolf-github/ephemeral-ci-2a7a4fae,-1,-1,-1,False,True,False,False
direwolf-github/ephemeral-ci-2a7a79ee,-1,-1,-1,False,True,False,False
direwolf-github/ephemeral-ci-2a7a7aaf,-1,-1,-1,False,True,False,False
direwolf-github/ephemeral-ci-2a7a7ee7,-1,-1,-1,False,True,False,False
direwolf-github/ephemeral-ci-2a7a7f53,-1,-1,-1,False,True,False,False
direwolf-github/ephemeral-ci-2a7a8365,-1,-1,-1,False,True,False,False
direwolf-github/ephemeral-ci-2a7a9b2f,-1,-1,-1,False,True,False,False
direwolf-github/ephemeral-ci-2a7a9f9c,-1,-1,-1,False,True,False,False
direwolf-github/ephemeral-ci-2a7aa15c,-1,-1,-1,False,True,False,False
direwolf-github/ephemeral-ci-2a7aa6d6,-1,-1,-1,False,True,False,False
direwolf-github/ephemeral-ci-2a7abae7,-1,-1,-1,False,True,False,False
direwolf-github/ephemeral-ci-2a7ad4ea,-1,-1,-1,False,True,False,False
direwolf-github/ephemeral-ci-2a7b1c53,-1,-1,-1,False,True,False,False
direwolf-github/ephemeral-ci-2a7b1cb0,-1,-1,-1,False,True,False,False
direwolf-github/ephemeral-ci-2a7b25c4,-1,-1,-1,False,True,False,False
direwolf-github/ephemeral-ci-2a7b334e,-1,-1,-1,False,True,False,False
direwolf-github/ephemeral-ci-2a7b36ec,-1,-1,-1,False,True,False,False
direwolf-github/ephemeral-ci-2a7b4d26,-1,-1,-1,False,True,False,False
direwolf-github/ephemeral-ci-2a7b5dbe,-1,-1,-1,False,True,False,False
direwolf-github/ephemeral-ci-2a7b610a,-1,-1,-1,False,True,False,False
direwolf-github/ephemeral-ci-2a7b62a0,-1,-1,-1,False,True,False,False
direwolf-github/ephemeral-ci-2a7b68be,-1,-1,-1,False,True,False,False
direwolf-github/ephemeral-ci-2a7b72e4,-1,-1,-1,False,True,False,False
direwolf-github/ephemeral-ci-2a7b823e,-1,-1,-1,False,True,False,False
direwolf-github/ephemeral-ci-2a7b942a,-1,-1,-1,False,True,False,False
direwolf-github/ephemeral-ci-2a7b94d4,-1,-1,-1,False,True,False,False
direwolf-github/ephemeral-ci-2a7b9543,-1,-1,-1,False,True,False,False
direwolf-github/ephemeral-ci-2a7b9bce,-1,-1,-1,False,True,False,False
direwolf-github/ephemeral-ci-2a7bb25d,-1,-1,-1,False,True,False,False
direwolf-github/ephemeral-ci-2a7bb58a,-1,-1,-1,False,True,False,False
direwolf-github/ephemeral-ci-2a7bc1a5,-1,-1,-1,False,True,False,False
direwolf-github/ephemeral-ci-2a7bc750,-1,-1,-1,False,True,False,False
direwolf-github/ephemeral-ci-2a7bd4da,-1,-1,-1,False,True,False,False
direwolf-github/ephemeral-ci-2a7bd66f,-1,-1,-1,False,True,False,False
direwolf-github/ephemeral-ci-2a7be816,-1,-1,-1,False,True,False,False
direwolf-github/ephemeral-ci-2a7bef9d,-1,-1,-1,False,True,False,False
direwolf-github/ephemeral-ci-2a7bfc32,-1,-1,-1,False,True,False,False
direwolf-github/ephemeral-ci-2a7bfd7c,-1,-1,-1,False,True,False,False
direwolf-github/ephemeral-ci-2a7bfff3,-1,-1,-1,False,True,False,False
direwolf-github/ephemeral-ci-2a7c00fb,-1,-1,-1,False,True,False,False
direwolf-github/ephemeral-ci-2a7c063f,-1,-1,-1,False,True,False,False
direwolf-github/ephemeral-ci-2a7c364f,-1,-1,-1,False,True,False,False
direwolf-github/ephemeral-ci-2a7c387f,-1,-1,-1,False,True,False,False
direwolf-github/ephemeral-ci-2a7c396b,-1,-1,-1,False,True,False,False
direwolf-github/ephemeral-ci-2a7c3dcf,-1,-1,-1,False,True,False,False
direwolf-github/ephemeral-ci-2a7c5ec9,-1,-1,-1,False,True,False,False
direwolf-github/ephemeral-ci-2a7c6423,-1,-1,-1,False,True,False,False
direwolf-github/ephemeral-ci-2a7c66aa,-1,-1,-1,False,True,False,False
direwolf-github/ephemeral-ci-2a7c702c,-1,-1,-1,False,True,False,False
direwolf-github/ephemeral-ci-2a7c7066,-1,-1,-1,False,True,False,False
direwolf-github/ephemeral-ci-2a7c8c02,-1,-1,-1,False,True,False,False
direwolf-github/ephemeral-ci-2a7c8d81,-1,-1,-1,False,True,False,False
direwolf-github/ephemeral-ci-2a7c94fa,-1,-1,-1,False,True,False,False
direwolf-github/ephemeral-ci-2a7c950c,-1,-1,-1,False,True,False,False
direwolf-github/ephemeral-ci-2a7c9560,-1,-1,-1,False,True,False,False
direwolf-github/ephemeral-ci-2a7c95f1,-1,-1,-1,False,True,False,False
direwolf-github/ephemeral-ci-2a7c9ab3,-1,-1,-1,False,True,False,False
direwolf-github/ephemeral-ci-2a7c9ad3,-1,-1,-1,False,True,False,False
direwolf-github/ephemeral-ci-2a7ca012,-1,-1,-1,False,True,False,False
direwolf-github/ephemeral-ci-2a7ca631,-1,-1,-1,False,True,False,False
direwolf-github/ephemeral-ci-2a7cb453,-1,-1,-1,False,True,False,False
direwolf-github/ephemeral-ci-2a7cbc6a,-1,-1,-1,False,True,False,False
direwolf-github/ephemeral-ci-2a7cbfea,-1,-1,-1,False,True,False,False
direwolf-github/ephemeral-ci-2a7ccf1d,-1,-1,-1,False,True,False,False
direwolf-github/ephemeral-ci-2a7ce25a,-1,-1,-1,False,True,False,False
direwolf-github/ephemeral-ci-2a7cea6a,-1,-1,-1,False,True,False,False
direwolf-github/ephemeral-ci-2a7ceb49,-1,-1,-1,False,True,False,False
direwolf-github/ephemeral-ci-2a7ceb4b,-1,-1,-1,False,True,False,False
direwolf-github/ephemeral-ci-2a7ced06,-1,-1,-1,False,True,False,False
direwolf-github/ephemeral-ci-2a7ced65,-1,-1,-1,False,True,False,False
direwolf-github/ephemeral-ci-2a7d08b7,-1,-1,-1,False,True,False,False
direwolf-github/ephemeral-ci-2a7d0ac5,-1,-1,-1,False,True,False,False
direwolf-github/ephemeral-ci-2a7d0cde,-1,-1,-1,False,True,False,False
direwolf-github/ephemeral-ci-2a7d145f,-1,-1,-1,False,True,False,False
direwolf-github/ephemeral-ci-2a7d1671,-1,-1,-1,False,True,False,False
direwolf-github/ephemeral-ci-2a7d2647,-1,-1,-1,False,True,False,False
direwolf-github/ephemeral-ci-2a7d4405,-1,-1,-1,False,True,False,False
direwolf-github/ephemeral-ci-2a7d475a,-1,-1,-1,False,True,False,False
direwolf-github/ephemeral-ci-2a7d486d,-1,-1,-1,False,True,False,False
direwolf-github/ephemeral-ci-2a7d4c7c,-1,-1,-1,False,True,False,False
direwolf-github/ephemeral-ci-2a7d510d,-1,-1,-1,False,True,False,False
direwolf-github/ephemeral-ci-2a7d5819,-1,-1,-1,False,True,False,False
direwolf-github/ephemeral-ci-2a7d7304,-1,-1,-1,False,True,False,False
direwolf-github/ephemeral-ci-2a7d745e,-1,-1,-1,False,True,False,False
direwolf-github/ephemeral-ci-2a7d7b43,-1,-1,-1,False,True,False,False
direwolf-github/ephemeral-ci-2a7d8031,-1,-1,-1,False,True,False,False
direwolf-github/ephemeral-ci-2a7d8171,-1,-1,-1,False,True,False,False
direwolf-github/ephemeral-ci-2a7d84e7,-1,-1,-1,False,True,False,False
direwolf-github/ephemeral-ci-2a7d871f,-1,-1,-1,False,True,False,False
direwolf-github/ephemeral-ci-2a7d8a6f,-1,-1,-1,False,True,False,False
direwolf-github/ephemeral-ci-2a7d8cf2,-1,-1,-1,False,True,False,False
direwolf-github/ephemeral-ci-2a7d8d46,-1,-1,-1,False,True,False,False
direwolf-github/ephemeral-ci-2a7d9a98,-1,-1,-1,False,True,False,False
direwolf-github/ephemeral-ci-2a7daba1,-1,-1,-1,False,True,False,False
direwolf-github/ephemeral-ci-2a7db2fc,-1,-1,-1,False,True,False,False
direwolf-github/ephemeral-ci-2a7dc44e,-1,-1,-1,False,True,False,False
direwolf-github/ephemeral-ci-2a7dc50b,-1,-1,-1,False,True,False,False
direwolf-github/ephemeral-ci-2a7dd12e,-1,-1,-1,False,True,False,False
direwolf-github/ephemeral-ci-2a7dd323,-1,-1,-1,False,True,False,False
direwolf-github/ephemeral-ci-2a7dd5e7,-1,-1,-1,False,True,False,False
direwolf-github/ephemeral-ci-2a7ddb0c,-1,-1,-1,False,True,False,False
direwolf-github/ephemeral-ci-2a7de591,-1,-1,-1,False,True,False,False
direwolf-github/ephemeral-ci-2a7dea02,-1,-1,-1,False,True,False,False
direwolf-github/ephemeral-ci-2a7deb94,-1,-1,-1,False,True,False,False
direwolf-github/ephemeral-ci-2a7df3e7,-1,-1,-1,False,True,False,False
direwolf-github/ephemeral-ci-2a7e125d,-1,-1,-1,False,True,False,False
direwolf-github/ephemeral-ci-2a7e1324,-1,-1,-1,False,True,False,False
direwolf-github/ephemeral-ci-2a7e17d0,-1,-1,-1,False,True,False,False
direwolf-github/ephemeral-ci-2a7e19ae,-1,-1,-1,False,True,False,False
direwolf-github/ephemeral-ci-2a7e1fff,-1,-1,-1,False,True,False,False
direwolf-github/ephemeral-ci-2a7e23e7,-1,-1,-1,False,True,False,False
direwolf-github/ephemeral-ci-2a7e38d2,-1,-1,-1,False,True,False,False
direwolf-github/ephemeral-ci-2a7e38d3,-1,-1,-1,False,True,False,False
direwolf-github/ephemeral-ci-2a7e4348,-1,-1,-1,False,True,False,False
direwolf-github/ephemeral-ci-2a7e4b58,-1,-1,-1,False,True,False,False
direwolf-github/ephemeral-ci-2a7e7610,-1,-1,-1,False,True,False,False
direwolf-github/ephemeral-ci-2a7e76e0,-1,-1,-1,False,True,False,False
direwolf-github/ephemeral-ci-2a7e7d8d,-1,-1,-1,False,True,False,False
direwolf-github/ephemeral-ci-2a7e7f7e,-1,-1,-1,False,True,False,False
direwolf-github/ephemeral-ci-2a7e863f,-1,-1,-1,False,True,False,False
direwolf-github/ephemeral-ci-2a7e8ad8,-1,-1,-1,False,True,False,False
direwolf-github/ephemeral-ci-2a7e8b3d,-1,-1,-1,False,True,False,False
direwolf-github/ephemeral-ci-2a7eaf5f,-1,-1,-1,False,True,False,False
direwolf-github/ephemeral-ci-2a7eb698,-1,-1,-1,False,True,False,False
direwolf-github/ephemeral-ci-2a7ec6cb,-1,-1,-1,False,True,False,False
direwolf-github/ephemeral-ci-2a7ed2b7,-1,-1,-1,False,True,False,False
direwolf-github/ephemeral-ci-2a7ef1c4,-1,-1,-1,False,True,False,False
direwolf-github/ephemeral-ci-2a7ef6d0,-1,-1,-1,False,True,False,False
direwolf-github/ephemeral-ci-2a7f0843,-1,-1,-1,False,True,False,False
direwolf-github/ephemeral-ci-2a7f0d65,-1,-1,-1,False,True,False,False
direwolf-github/ephemeral-ci-2a7f1550,-1,-1,-1,False,True,False,False
direwolf-github/ephemeral-ci-2a7f1bde,-1,-1,-1,False,True,False,False
direwolf-github/ephemeral-ci-2a7f2465,-1,-1,-1,False,True,False,False
direwolf-github/ephemeral-ci-2a7f2b72,-1,-1,-1,False,True,False,False
direwolf-github/ephemeral-ci-2a7f2d42,-1,-1,-1,False,True,False,False
direwolf-github/ephemeral-ci-2a7f40d4,-1,-1,-1,False,True,False,False
direwolf-github/ephemeral-ci-2a7f46e3,-1,-1,-1,False,True,False,False
direwolf-github/ephemeral-ci-2a7f4f78,-1,-1,-1,False,True,False,False
direwolf-github/ephemeral-ci-2a7f526a,-1,-1,-1,False,True,False,False
direwolf-github/ephemeral-ci-2a7f5709,-1,-1,-1,False,True,False,False
direwolf-github/ephemeral-ci-2a7f5bd4,-1,-1,-1,False,True,False,False
direwolf-github/ephemeral-ci-2a7f6000,-1,-1,-1,False,True,False,False
direwolf-github/ephemeral-ci-2a7f6515,-1,-1,-1,False,True,False,False
direwolf-github/ephemeral-ci-2a7f6bc7,0,0,1,False,False,False,False
direwolf-github/ephemeral-ci-2a7f7b81,-1,-1,-1,False,True,False,False
direwolf-github/ephemeral-ci-2a7f8669,-1,-1,-1,False,True,False,False
direwolf-github/ephemeral-ci-2a7f8744,-1,-1,-1,False,True,False,False
direwolf-github/ephemeral-ci-2a7f87bd,-1,-1,-1,False,True,False,False
direwolf-github/ephemeral-ci-2a7f9352,-1,-1,-1,False,True,False,False
direwolf-github/ephemeral-ci-2a7f9379,-1,-1,-1,False,True,False,False
direwolf-github/ephemeral-ci-2a7f9516,-1,-1,-1,False,True,False,False
direwolf-github/ephemeral-ci-2a7f9e61,-1,-1,-1,False,True,False,False
direwolf-github/ephemeral-ci-2a7fa0b6,-1,-1,-1,False,True,False,False
direwolf-github/ephemeral-ci-2a7fab35,-1,-1,-1,False,True,False,False
direwolf-github/ephemeral-ci-2a7fb476,-1,-1,-1,False,True,False,False
direwolf-github/ephemeral-ci-2a7fc12a,-1,-1,-1,False,True,False,False
direwolf-github/ephemeral-ci-2a7fc47b,-1,-1,-1,False,True,False,False
direwolf-github/ephemeral-ci-2a7fe6ac,-1,-1,-1,False,True,False,False
direwolf-github/ephemeral-ci-2a7fe948,-1,-1,-1,False,True,False,False
direwolf-github/ephemeral-ci-2a7ff07f,-1,-1,-1,False,True,False,False
direwolf-github/ephemeral-ci-2a7ff1d4,-1,-1,-1,False,True,False,False
direwolf-github/ephemeral-ci-2a7ffd47,-1,-1,-1,False,True,False,False
direwolf-github/ephemeral-ci-2a7ffe6f,-1,-1,-1,False,True,False,False
direwolf-github/ephemeral-ci-2a7fffe5,-1,-1,-1,False,True,False,False
direwolf-github/ephemeral-ci-2a800bfb,-1,-1,-1,False,True,False,False
direwolf-github/ephemeral-ci-2a801039,-1,-1,-1,False,True,False,False
direwolf-github/ephemeral-ci-2a80259d,-1,-1,-1,False,True,False,False
direwolf-github/ephemeral-ci-2a80356b,-1,-1,-1,False,True,False,False
direwolf-github/ephemeral-ci-2a805149,-1,-1,-1,False,True,False,False
direwolf-github/ephemeral-ci-2a806009,-1,-1,-1,False,True,False,False
direwolf-github/ephemeral-ci-2a807823,-1,-1,-1,False,True,False,False
direwolf-github/ephemeral-ci-2a80888b,-1,-1,-1,False,True,False,False
direwolf-github/ephemeral-ci-2a809795,-1,-1,-1,False,True,False,False
direwolf-github/ephemeral-ci-2a80ac4f,-1,-1,-1,False,True,False,False
direwolf-github/ephemeral-ci-2a80e5aa,-1,-1,-1,False,True,False,False
direwolf-github/ephemeral-ci-2a80e5c7,-1,-1,-1,False,True,False,False
direwolf-github/ephemeral-ci-2a8103b1,-1,-1,-1,False,True,False,False
direwolf-github/ephemeral-ci-2a81093a,-1,-1,-1,False,True,False,False
direwolf-github/ephemeral-ci-2a81093d,-1,-1,-1,False,True,False,False
direwolf-github/ephemeral-ci-2a812a88,-1,-1,-1,False,True,False,False
direwolf-github/ephemeral-ci-2a81481b,-1,-1,-1,False,True,False,False
direwolf-github/ephemeral-ci-2a8153f2,-1,-1,-1,False,True,False,False
direwolf-github/ephemeral-ci-2a8154ff,-1,-1,-1,False,True,False,False
direwolf-github/ephemeral-ci-2a81558e,-1,-1,-1,False,True,False,False
direwolf-github/ephemeral-ci-2a816543,-1,-1,-1,False,True,False,False
direwolf-github/ephemeral-ci-2a816834,-1,-1,-1,False,True,False,False
direwolf-github/ephemeral-ci-2a816eaf,-1,-1,-1,False,True,False,False
direwolf-github/ephemeral-ci-2a817181,-1,-1,-1,False,True,False,False
direwolf-github/ephemeral-ci-2a817c2d,-1,-1,-1,False,True,False,False
direwolf-github/ephemeral-ci-2a817c3c,-1,-1,-1,False,True,False,False
direwolf-github/ephemeral-ci-2a817e5f,-1,-1,-1,False,True,False,False
direwolf-github/ephemeral-ci-2a81881f,-1,-1,-1,False,True,False,False
direwolf-github/ephemeral-ci-2a818bad,-1,-1,-1,False,True,False,False
direwolf-github/ephemeral-ci-2a81979c,-1,-1,-1,False,True,False,False
direwolf-github/ephemeral-ci-2a819d11,-1,-1,-1,False,True,False,False
direwolf-github/ephemeral-ci-2a81aa8b,-1,-1,-1,False,True,False,False
direwolf-github/ephemeral-ci-2a81ad64,-1,-1,-1,False,True,False,False
direwolf-github/ephemeral-ci-2a81b435,-1,-1,-1,False,True,False,False
direwolf-github/ephemeral-ci-2a81ce1f,-1,-1,-1,False,True,False,False
direwolf-github/ephemeral-ci-2a81d36e,-1,-1,-1,False,True,False,False
direwolf-github/ephemeral-ci-2a81da9b,-1,-1,-1,False,True,False,False
direwolf-github/ephemeral-ci-2a81db0f,-1,-1,-1,False,True,False,False
direwolf-github/ephemeral-ci-2a81f093,-1,-1,-1,False,True,False,False
direwolf-github/ephemeral-ci-2a81fcb3,-1,-1,-1,False,True,False,False
direwolf-github/ephemeral-ci-2a820fa5,-1,-1,-1,False,True,False,False
direwolf-github/ephemeral-ci-2a82120f,-1,-1,-1,False,True,False,False
direwolf-github/ephemeral-ci-2a821ea7,-1,-1,-1,False,True,False,False
direwolf-github/ephemeral-ci-2a82226c,-1,-1,-1,False,True,False,False
direwolf-github/ephemeral-ci-2a82251a,-1,-1,-1,False,True,False,False
direwolf-github/ephemeral-ci-2a822d54,-1,-1,-1,False,True,False,False
direwolf-github/ephemeral-ci-2a822fe3,-1,-1,-1,False,True,False,False
direwolf-github/ephemeral-ci-2a82327f,-1,-1,-1,False,True,False,False
direwolf-github/ephemeral-ci-2a824883,-1,-1,-1,False,True,False,False
direwolf-github/ephemeral-ci-2a82514a,-1,-1,-1,False,True,False,False
direwolf-github/ephemeral-ci-2a82515e,-1,-1,-1,False,True,False,False
direwolf-github/ephemeral-ci-2a8253ff,-1,-1,-1,False,True,False,False
direwolf-github/ephemeral-ci-2a8257d0,-1,-1,-1,False,True,False,False
direwolf-github/ephemeral-ci-2a825ef3,-1,-1,-1,False,True,False,False
direwolf-github/ephemeral-ci-2a826069,-1,-1,-1,False,True,False,False
direwolf-github/ephemeral-ci-2a8262b9,-1,-1,-1,False,True,False,False
direwolf-github/ephemeral-ci-2a826e80,-1,-1,-1,False,True,False,False
direwolf-github/ephemeral-ci-2a827e6f,-1,-1,-1,False,True,False,False
direwolf-github/ephemeral-ci-2a8285b7,-1,-1,-1,False,True,False,False
direwolf-github/ephemeral-ci-2a829232,-1,-1,-1,False,True,False,False
direwolf-github/ephemeral-ci-2a829d30,-1,-1,-1,False,True,False,False
direwolf-github/ephemeral-ci-2a82a29f,-1,-1,-1,False,True,False,False
direwolf-github/ephemeral-ci-2a82ae20,-1,-1,-1,False,True,False,False
direwolf-github/ephemeral-ci-2a82b0fa,-1,-1,-1,False,True,False,False
direwolf-github/ephemeral-ci-2a82c401,-1,-1,-1,False,True,False,False
direwolf-github/ephemeral-ci-2a82c651,-1,-1,-1,False,True,False,False
direwolf-github/ephemeral-ci-2a82e27d,-1,-1,-1,False,True,False,False
direwolf-github/ephemeral-ci-2a82f074,-1,-1,-1,False,True,False,False
direwolf-github/ephemeral-ci-2a82f5aa,-1,-1,-1,False,True,False,False
direwolf-github/ephemeral-ci-2a82f829,-1,-1,-1,False,True,False,False
direwolf-github/ephemeral-ci-2a82fffc,-1,-1,-1,False,True,False,False
direwolf-github/ephemeral-ci-2a8300bd,-1,-1,-1,False,True,False,False
direwolf-github/ephemeral-ci-2a830423,-1,-1,-1,False,True,False,False
direwolf-github/ephemeral-ci-2a83084a,-1,-1,-1,False,True,False,False
direwolf-github/ephemeral-ci-2a8308c1,-1,-1,-1,False,True,False,False
direwolf-github/ephemeral-ci-2a831f49,-1,-1,-1,False,True,False,False
direwolf-github/ephemeral-ci-2a83382e,-1,-1,-1,False,True,False,False
direwolf-github/ephemeral-ci-2a833c49,-1,-1,-1,False,True,False,False
direwolf-github/ephemeral-ci-2a834808,-1,-1,-1,False,True,False,False
direwolf-github/ephemeral-ci-2a834997,-1,-1,-1,False,True,False,False
direwolf-github/ephemeral-ci-2a835513,-1,-1,-1,False,True,False,False
direwolf-github/ephemeral-ci-2a836cde,-1,-1,-1,False,True,False,False
direwolf-github/ephemeral-ci-2a836f06,-1,-1,-1,False,True,False,False
direwolf-github/ephemeral-ci-2a836fe8,-1,-1,-1,False,True,False,False
direwolf-github/ephemeral-ci-2a837f13,-1,-1,-1,False,True,False,False
direwolf-github/ephemeral-ci-2a8380a3,-1,-1,-1,False,True,False,False
direwolf-github/ephemeral-ci-2a8393fe,-1,-1,-1,False,True,False,False
direwolf-github/ephemeral-ci-2a839f3c,-1,-1,-1,False,True,False,False
direwolf-github/ephemeral-ci-2a83a99f,-1,-1,-1,False,True,False,False
direwolf-github/ephemeral-ci-2a83cbc1,-1,-1,-1,False,True,False,False
direwolf-github/ephemeral-ci-2a83d4c5,-1,-1,-1,False,True,False,False
direwolf-github/ephemeral-ci-2a83e462,-1,-1,-1,False,True,False,False
direwolf-github/ephemeral-ci-2a83e968,-1,-1,-1,False,True,False,False
direwolf-github/ephemeral-ci-2a83ecfb,-1,-1,-1,False,True,False,False
direwolf-github/ephemeral-ci-2a83f580,-1,-1,-1,False,True,False,False
direwolf-github/ephemeral-ci-2a840953,-1,-1,-1,False,True,False,False
direwolf-github/ephemeral-ci-2a841df1,-1,-1,-1,False,True,False,False
direwolf-github/ephemeral-ci-2a84302d,-1,-1,-1,False,True,False,False
direwolf-github/ephemeral-ci-2a843179,-1,-1,-1,False,True,False,False
direwolf-github/ephemeral-ci-2a844299,-1,-1,-1,False,True,False,False
direwolf-github/ephemeral-ci-2a844717,-1,-1,-1,False,True,False,False
direwolf-github/ephemeral-ci-2a8456ec,-1,-1,-1,False,True,False,False
direwolf-github/ephemeral-ci-2a8457e8,-1,-1,-1,False,True,False,False
direwolf-github/ephemeral-ci-2a8459ef,-1,-1,-1,False,True,False,False
direwolf-github/ephemeral-ci-2a845b3e,-1,-1,-1,False,True,False,False
direwolf-github/ephemeral-ci-2a845eea,-1,-1,-1,False,True,False,False
direwolf-github/ephemeral-ci-2a84673b,-1,-1,-1,False,True,False,False
direwolf-github/ephemeral-ci-2a8469cd,-1,-1,-1,False,True,False,False
direwolf-github/ephemeral-ci-2a846b36,-1,-1,-1,False,True,False,False
direwolf-github/ephemeral-ci-2a849f83,-1,-1,-1,False,True,False,False
direwolf-github/ephemeral-ci-2a84a197,-1,-1,-1,False,True,False,False
direwolf-github/ephemeral-ci-2a84ad6d,-1,-1,-1,False,True,False,False
direwolf-github/ephemeral-ci-2a84bcf8,-1,-1,-1,False,True,False,False
direwolf-github/ephemeral-ci-2a84de62,-1,-1,-1,False,True,False,False
direwolf-github/ephemeral-ci-2a84e1b0,-1,-1,-1,False,True,False,False
direwolf-github/ephemeral-ci-2a84ec17,-1,-1,-1,False,True,False,False
direwolf-github/ephemeral-ci-2a84ec23,-1,-1,-1,False,True,False,False
direwolf-github/ephemeral-ci-2a84ecf0,-1,-1,-1,False,True,False,False
direwolf-github/ephemeral-ci-2a84f57d,-1,-1,-1,False,True,False,False
direwolf-github/ephemeral-ci-2a84f9a1,-1,-1,-1,False,True,False,False
direwolf-github/ephemeral-ci-2a850bdb,-1,-1,-1,False,True,False,False
direwolf-github/ephemeral-ci-2a8528d4,-1,-1,-1,False,True,False,False
direwolf-github/ephemeral-ci-2a853974,-1,-1,-1,False,True,False,False
direwolf-github/ephemeral-ci-2a853bfa,-1,-1,-1,False,True,False,False
direwolf-github/ephemeral-ci-2a854436,-1,-1,-1,False,True,False,False
direwolf-github/ephemeral-ci-2a85482b,-1,-1,-1,False,True,False,False
direwolf-github/ephemeral-ci-2a855a77,-1,-1,-1,False,True,False,False
direwolf-github/ephemeral-ci-2a855b1f,-1,-1,-1,False,True,False,False
direwolf-github/ephemeral-ci-2a8565a8,-1,-1,-1,False,True,False,False
direwolf-github/ephemeral-ci-2a857182,-1,-1,-1,False,True,False,False
direwolf-github/ephemeral-ci-2a85726b,-1,-1,-1,False,True,False,False
direwolf-github/ephemeral-ci-2a8575a7,-1,-1,-1,False,True,False,False
direwolf-github/ephemeral-ci-2a857a8e,-1,-1,-1,False,True,False,False
direwolf-github/ephemeral-ci-2a8581e2,-1,-1,-1,False,True,False,False
direwolf-github/ephemeral-ci-2a858861,-1,-1,-1,False,True,False,False
direwolf-github/ephemeral-ci-2a858ac9,-1,-1,-1,False,True,False,False
direwolf-github/ephemeral-ci-2a858f90,-1,-1,-1,False,True,False,False
direwolf-github/ephemeral-ci-2a8591e1,-1,-1,-1,False,True,False,False
direwolf-github/ephemeral-ci-2a859413,-1,-1,-1,False,True,False,False
direwolf-github/ephemeral-ci-2a85a9a0,-1,-1,-1,False,True,False,False
direwolf-github/ephemeral-ci-2a85ad69,-1,-1,-1,False,True,False,False
direwolf-github/ephemeral-ci-2a85c08a,-1,-1,-1,False,True,False,False
direwolf-github/ephemeral-ci-2a85c7b9,-1,-1,-1,False,True,False,False
direwolf-github/ephemeral-ci-2a85d019,-1,-1,-1,False,True,False,False
direwolf-github/ephemeral-ci-2a85d569,-1,-1,-1,False,True,False,False
direwolf-github/ephemeral-ci-2a85d6c6,-1,-1,-1,False,True,False,False
direwolf-github/ephemeral-ci-2a85e756,-1,-1,-1,False,True,False,False
direwolf-github/ephemeral-ci-2a85edcb,-1,-1,-1,False,True,False,False
direwolf-github/ephemeral-ci-2a85f2e4,-1,-1,-1,False,True,False,False
direwolf-github/ephemeral-ci-2a85f46d,-1,-1,-1,False,True,False,False
direwolf-github/ephemeral-ci-2a861abc,-1,-1,-1,False,True,False,False
direwolf-github/ephemeral-ci-2a86356b,-1,-1,-1,False,True,False,False
direwolf-github/ephemeral-ci-2a864146,-1,-1,-1,False,True,False,False
direwolf-github/ephemeral-ci-2a864d3c,-1,-1,-1,False,True,False,False
direwolf-github/ephemeral-ci-2a867004,-1,-1,-1,False,True,False,False
direwolf-github/ephemeral-ci-2a867f8d,-1,-1,-1,False,True,False,False
direwolf-github/ephemeral-ci-2a8695fd,-1,-1,-1,False,True,False,False
direwolf-github/ephemeral-ci-2a86ac71,-1,-1,-1,False,True,False,False
direwolf-github/ephemeral-ci-2a86b65a,-1,-1,-1,False,True,False,False
direwolf-github/ephemeral-ci-2a86baee,-1,-1,-1,False,True,False,False
direwolf-github/ephemeral-ci-2a86ca8e,-1,-1,-1,False,True,False,False
direwolf-github/ephemeral-ci-2a86e055,-1,-1,-1,False,True,False,False
direwolf-github/ephemeral-ci-2a86e369,-1,-1,-1,False,True,False,False
direwolf-github/ephemeral-ci-2a86e37d,-1,-1,-1,False,True,False,False
direwolf-github/ephemeral-ci-2a86e384,-1,-1,-1,False,True,False,False
direwolf-github/ephemeral-ci-2a86e655,-1,-1,-1,False,True,False,False
direwolf-github/ephemeral-ci-2a86f292,-1,-1,-1,False,True,False,False
direwolf-github/ephemeral-ci-2a86fc60,-1,-1,-1,False,True,False,False
direwolf-github/ephemeral-ci-2a86fddc,-1,-1,-1,False,True,False,False
direwolf-github/ephemeral-ci-2a8701ad,-1,-1,-1,False,True,False,False
direwolf-github/ephemeral-ci-2a8704a7,-1,-1,-1,False,True,False,False
direwolf-github/ephemeral-ci-2a870c23,-1,-1,-1,False,True,False,False
direwolf-github/ephemeral-ci-2a8711dc,-1,-1,-1,False,True,False,False
direwolf-github/ephemeral-ci-2a8713a1,-1,-1,-1,False,True,False,False
direwolf-github/ephemeral-ci-2a87197b,-1,-1,-1,False,True,False,False
direwolf-github/ephemeral-ci-2a871cef,-1,-1,-1,False,True,False,False
direwolf-github/ephemeral-ci-2a8727a5,-1,-1,-1,False,True,False,False
direwolf-github/ephemeral-ci-2a872bec,-1,-1,-1,False,True,False,False
direwolf-github/ephemeral-ci-2a8742f1,-1,-1,-1,False,True,False,False
direwolf-github/ephemeral-ci-2a874f14,-1,-1,-1,False,True,False,False
direwolf-github/ephemeral-ci-2a8754c4,-1,-1,-1,False,True,False,False
direwolf-github/ephemeral-ci-2a875aa5,-1,-1,-1,False,True,False,False
direwolf-github/ephemeral-ci-2a876a4c,-1,-1,-1,False,True,False,False
direwolf-github/ephemeral-ci-2a877929,-1,-1,-1,False,True,False,False
direwolf-github/ephemeral-ci-2a877be8,-1,-1,-1,False,True,False,False
direwolf-github/ephemeral-ci-2a878649,-1,-1,-1,False,True,False,False
direwolf-github/ephemeral-ci-2a879219,-1,-1,-1,False,True,False,False
direwolf-github/ephemeral-ci-2a8796e6,-1,-1,-1,False,True,False,False
direwolf-github/ephemeral-ci-2a8799b0,-1,-1,-1,False,True,False,False
direwolf-github/ephemeral-ci-2a879ac9,-1,-1,-1,False,True,False,False
direwolf-github/ephemeral-ci-2a87a8f5,-1,-1,-1,False,True,False,False
direwolf-github/ephemeral-ci-2a87ab19,-1,-1,-1,False,True,False,False
direwolf-github/ephemeral-ci-2a87b615,-1,-1,-1,False,True,False,False
direwolf-github/ephemeral-ci-2a87b770,-1,-1,-1,False,True,False,False
direwolf-github/ephemeral-ci-2a87c475,-1,-1,-1,False,True,False,False
direwolf-github/ephemeral-ci-2a87d33e,-1,-1,-1,False,True,False,False
direwolf-github/ephemeral-ci-2a87d4d3,-1,-1,-1,False,True,False,False
direwolf-github/ephemeral-ci-2a87e99d,-1,-1,-1,False,True,False,False
direwolf-github/ephemeral-ci-2a87ed23,-1,-1,-1,False,True,False,False
direwolf-github/ephemeral-ci-2a87f60b,-1,-1,-1,False,True,False,False
direwolf-github/ephemeral-ci-2a87fa7c,-1,-1,-1,False,True,False,False
direwolf-github/ephemeral-ci-2a880036,-1,-1,-1,False,True,False,False
direwolf-github/ephemeral-ci-2a88030c,-1,-1,-1,False,True,False,False
direwolf-github/ephemeral-ci-2a88073c,-1,-1,-1,False,True,False,False
direwolf-github/ephemeral-ci-2a880d43,-1,-1,-1,False,True,False,False
direwolf-github/ephemeral-ci-2a8821b0,-1,-1,-1,False,True,False,False
direwolf-github/ephemeral-ci-2a883dd8,-1,-1,-1,False,True,False,False
direwolf-github/ephemeral-ci-2a884050,-1,-1,-1,False,True,False,False
direwolf-github/ephemeral-ci-2a8843be,-1,-1,-1,False,True,False,False
direwolf-github/ephemeral-ci-2a885c33,-1,-1,-1,False,True,False,False
direwolf-github/ephemeral-ci-2a886567,-1,-1,-1,False,True,False,False
direwolf-github/ephemeral-ci-2a8865c8,-1,-1,-1,False,True,False,False
direwolf-github/ephemeral-ci-2a888813,-1,-1,-1,False,True,False,False
direwolf-github/ephemeral-ci-2a889132,-1,-1,-1,False,True,False,False
direwolf-github/ephemeral-ci-2a8895a2,-1,-1,-1,False,True,False,False
direwolf-github/ephemeral-ci-2a88999b,-1,-1,-1,False,True,False,False
direwolf-github/ephemeral-ci-2a88a406,-1,-1,-1,False,True,False,False
direwolf-github/ephemeral-ci-2a88b46a,-1,-1,-1,False,True,False,False
direwolf-github/ephemeral-ci-2a88ba04,-1,-1,-1,False,True,False,False
direwolf-github/ephemeral-ci-2a88d216,-1,-1,-1,False,True,False,False
direwolf-github/ephemeral-ci-2a88dd0d,-1,-1,-1,False,True,False,False
direwolf-github/ephemeral-ci-2a88e223,-1,-1,-1,False,True,False,False
direwolf-github/ephemeral-ci-2a88f65a,-1,-1,-1,False,True,False,False
direwolf-github/ephemeral-ci-2a88f78f,-1,-1,-1,False,True,False,False
direwolf-github/ephemeral-ci-2a8905ba,-1,-1,-1,False,True,False,False
direwolf-github/ephemeral-ci-2a890a10,-1,-1,-1,False,True,False,False
direwolf-github/ephemeral-ci-2a890e79,-1,-1,-1,False,True,False,False
direwolf-github/ephemeral-ci-2a891062,-1,-1,-1,False,True,False,False
direwolf-github/ephemeral-ci-2a8920ce,-1,-1,-1,False,True,False,False
direwolf-github/ephemeral-ci-2a89264b,-1,-1,-1,False,True,False,False
direwolf-github/ephemeral-ci-2a8927a1,-1,-1,-1,False,True,False,False
direwolf-github/ephemeral-ci-2a892959,-1,-1,-1,False,True,False,False
direwolf-github/ephemeral-ci-2a893b85,-1,-1,-1,False,True,False,False
direwolf-github/ephemeral-ci-2a893bff,-1,-1,-1,False,True,False,False
direwolf-github/ephemeral-ci-2a893dbd,-1,-1,-1,False,True,False,False
direwolf-github/ephemeral-ci-2a894a47,-1,-1,-1,False,True,False,False
direwolf-github/ephemeral-ci-2a894e16,-1,-1,-1,False,True,False,False
direwolf-github/ephemeral-ci-2a89652c,-1,-1,-1,False,True,False,False
direwolf-github/ephemeral-ci-2a89735b,-1,-1,-1,False,True,False,False
direwolf-github/ephemeral-ci-2a897907,-1,-1,-1,False,True,False,False
direwolf-github/ephemeral-ci-2a898465,-1,-1,-1,False,True,False,False
direwolf-github/ephemeral-ci-2a89866c,-1,-1,-1,False,True,False,False
direwolf-github/ephemeral-ci-2a89a8b7,-1,-1,-1,False,True,False,False
direwolf-github/ephemeral-ci-2a89b6d4,-1,-1,-1,False,True,False,False
direwolf-github/ephemeral-ci-2a89b9ec,-1,-1,-1,False,True,False,False
direwolf-github/ephemeral-ci-2a89c48d,-1,-1,-1,False,True,False,False
direwolf-github/ephemeral-ci-2a89dedb,-1,-1,-1,False,True,False,False
direwolf-github/ephemeral-ci-2a89e10d,-1,-1,-1,False,True,False,False
direwolf-github/ephemeral-ci-2a89e1b4,-1,-1,-1,False,True,False,False
direwolf-github/ephemeral-ci-2a89eeb2,-1,-1,-1,False,True,False,False
direwolf-github/ephemeral-ci-2a89fbcb,-1,-1,-1,False,True,False,False
direwolf-github/ephemeral-ci-2a8a06ce,-1,-1,-1,False,True,False,False
direwolf-github/ephemeral-ci-2a8a072c,-1,-1,-1,False,True,False,False
direwolf-github/ephemeral-ci-2a8a127d,-1,-1,-1,False,True,False,False
direwolf-github/ephemeral-ci-2a8a148d,-1,-1,-1,False,True,False,False
direwolf-github/ephemeral-ci-2a8a1e0d,-1,-1,-1,False,True,False,False
direwolf-github/ephemeral-ci-2a8a41ae,-1,-1,-1,False,True,False,False
direwolf-github/ephemeral-ci-2a8a5b50,-1,-1,-1,False,True,False,False
direwolf-github/ephemeral-ci-2a8a5d8b,-1,-1,-1,False,True,False,False
direwolf-github/ephemeral-ci-2a8a5dc7,-1,-1,-1,False,True,False,False
direwolf-github/ephemeral-ci-2a8a66dd,-1,-1,-1,False,True,False,False
direwolf-github/ephemeral-ci-2a8a8327,-1,-1,-1,False,True,False,False
direwolf-github/ephemeral-ci-2a8a8b30,-1,-1,-1,False,True,False,False
direwolf-github/ephemeral-ci-2a8a9c66,-1,-1,-1,False,True,False,False
direwolf-github/ephemeral-ci-2a8a9db4,-1,-1,-1,False,True,False,False
direwolf-github/ephemeral-ci-2a8a9e14,-1,-1,-1,False,True,False,False
direwolf-github/ephemeral-ci-2a8a9ee5,-1,-1,-1,False,True,False,False
direwolf-github/ephemeral-ci-2a8aa215,-1,-1,-1,False,True,False,False
direwolf-github/ephemeral-ci-2a8aad5e,-1,-1,-1,False,True,False,False
direwolf-github/ephemeral-ci-2a8aafdc,-1,-1,-1,False,True,False,False
direwolf-github/ephemeral-ci-2a8ac1ec,-1,-1,-1,False,True,False,False
direwolf-github/ephemeral-ci-2a8ac21d,-1,-1,-1,False,True,False,False
direwolf-github/ephemeral-ci-2a8ad30d,-1,-1,-1,False,True,False,False
direwolf-github/ephemeral-ci-2a8adf92,-1,-1,-1,False,True,False,False
direwolf-github/ephemeral-ci-2a8ae02a,-1,-1,-1,False,True,False,False
direwolf-github/ephemeral-ci-2a8ae2fa,-1,-1,-1,False,True,False,False
direwolf-github/ephemeral-ci-2a8aec61,-1,-1,-1,False,True,False,False
direwolf-github/ephemeral-ci-2a8af63c,-1,-1,-1,False,True,False,False
direwolf-github/ephemeral-ci-2a8b0160,-1,-1,-1,False,True,False,False
direwolf-github/ephemeral-ci-2a8b12d9,-1,-1,-1,False,True,False,False
direwolf-github/ephemeral-ci-2a8b23b8,-1,-1,-1,False,True,False,False
direwolf-github/ephemeral-ci-2a8b2867,-1,-1,-1,False,True,False,False
direwolf-github/ephemeral-ci-2a8b39a3,-1,-1,-1,False,True,False,False
direwolf-github/ephemeral-ci-2a8b4132,-1,-1,-1,False,True,False,False
direwolf-github/ephemeral-ci-2a8b4715,-1,-1,-1,False,True,False,False
direwolf-github/ephemeral-ci-2a8b49f2,-1,-1,-1,False,True,False,False
direwolf-github/ephemeral-ci-2a8b4ecd,-1,-1,-1,False,True,False,False
direwolf-github/ephemeral-ci-2a8b5614,-1,-1,-1,False,True,False,False
direwolf-github/ephemeral-ci-2a8b5d9f,-1,-1,-1,False,True,False,False
direwolf-github/ephemeral-ci-2a8b6c29,-1,-1,-1,False,True,False,False
direwolf-github/ephemeral-ci-2a8b6f3a,-1,-1,-1,False,True,False,False
direwolf-github/ephemeral-ci-2a8b81be,-1,-1,-1,False,True,False,False
direwolf-github/ephemeral-ci-2a8b81cd,-1,-1,-1,False,True,False,False
direwolf-github/ephemeral-ci-2a8b8c3f,-1,-1,-1,False,True,False,False
direwolf-github/ephemeral-ci-2a8b96c0,-1,-1,-1,False,True,False,False
direwolf-github/ephemeral-ci-2a8b9f58,-1,-1,-1,False,True,False,False
direwolf-github/ephemeral-ci-2a8ba24b,-1,-1,-1,False,True,False,False
direwolf-github/ephemeral-ci-2a8ba8ea,-1,-1,-1,False,True,False,False
direwolf-github/ephemeral-ci-2a8ba960,-1,-1,-1,False,True,False,False
direwolf-github/ephemeral-ci-2a8baf12,-1,-1,-1,False,True,False,False
direwolf-github/ephemeral-ci-2a8bb904,-1,-1,-1,False,True,False,False
direwolf-github/ephemeral-ci-2a8bba3a,-1,-1,-1,False,True,False,False
direwolf-github/ephemeral-ci-2a8bbea7,-1,-1,-1,False,True,False,False
direwolf-github/ephemeral-ci-2a8bc31b,-1,-1,-1,False,True,False,False
direwolf-github/ephemeral-ci-2a8bc3a7,-1,-1,-1,False,True,False,False
direwolf-github/ephemeral-ci-2a8bc89a,-1,-1,-1,False,True,False,False
direwolf-github/ephemeral-ci-2a8bcaa8,-1,-1,-1,False,True,False,False
direwolf-github/ephemeral-ci-2a8bd576,-1,-1,-1,False,True,False,False
direwolf-github/ephemeral-ci-2a8be99e,-1,-1,-1,False,True,False,False
direwolf-github/ephemeral-ci-2a8bf6a2,-1,-1,-1,False,True,False,False
direwolf-github/ephemeral-ci-2a8bfc54,-1,-1,-1,False,True,False,False
direwolf-github/ephemeral-ci-2a8c0004,-1,-1,-1,False,True,False,False
direwolf-github/ephemeral-ci-2a8c03e4,-1,-1,-1,False,True,False,False
direwolf-github/ephemeral-ci-2a8c0550,-1,-1,-1,False,True,False,False
direwolf-github/ephemeral-ci-2a8c05e2,-1,-1,-1,False,True,False,False
direwolf-github/ephemeral-ci-2a8c0f34,-1,-1,-1,False,True,False,False
direwolf-github/ephemeral-ci-2a8c231b,-1,-1,-1,False,True,False,False
direwolf-github/ephemeral-ci-2a8c2ab6,-1,-1,-1,False,True,False,False
direwolf-github/ephemeral-ci-2a8c4402,-1,-1,-1,False,True,False,False
direwolf-github/ephemeral-ci-2a8c520b,-1,-1,-1,False,True,False,False
direwolf-github/ephemeral-ci-2a8c5f06,-1,-1,-1,False,True,False,False
direwolf-github/ephemeral-ci-2a8c7a96,-1,-1,-1,False,True,False,False
direwolf-github/ephemeral-ci-2a8c80a1,-1,-1,-1,False,True,False,False
direwolf-github/ephemeral-ci-2a8c92a3,-1,-1,-1,False,True,False,False
direwolf-github/ephemeral-ci-2a8ca91d,-1,-1,-1,False,True,False,False
direwolf-github/ephemeral-ci-2a8cab96,-1,-1,-1,False,True,False,False
direwolf-github/ephemeral-ci-2a8cb37b,-1,-1,-1,False,True,False,False
direwolf-github/ephemeral-ci-2a8ccae5,-1,-1,-1,False,True,False,False
direwolf-github/ephemeral-ci-2a8cd318,-1,-1,-1,False,True,False,False
direwolf-github/ephemeral-ci-2a8cdd4f,-1,-1,-1,False,True,False,False
direwolf-github/ephemeral-ci-2a8cf742,-1,-1,-1,False,True,False,False
direwolf-github/ephemeral-ci-2a8cfabb,-1,-1,-1,False,True,False,False
direwolf-github/ephemeral-ci-2a8cffa4,-1,-1,-1,False,True,False,False
direwolf-github/ephemeral-ci-2a8d11b9,-1,-1,-1,False,True,False,False
direwolf-github/ephemeral-ci-2a8d1ad2,-1,-1,-1,False,True,False,False
direwolf-github/ephemeral-ci-2a8d4dce,-1,-1,-1,False,True,False,False
direwolf-github/ephemeral-ci-2a8d4dcf,-1,-1,-1,False,True,False,False
direwolf-github/ephemeral-ci-2a8d6ac0,-1,-1,-1,False,True,False,False
direwolf-github/ephemeral-ci-2a8d6b66,-1,-1,-1,False,True,False,False
direwolf-github/ephemeral-ci-2a8d6eef,-1,-1,-1,False,True,False,False
direwolf-github/ephemeral-ci-2a8da013,-1,-1,-1,False,True,False,False
direwolf-github/ephemeral-ci-2a8da3c4,-1,-1,-1,False,True,False,False
direwolf-github/ephemeral-ci-2a8dac67,-1,-1,-1,False,True,False,False
direwolf-github/ephemeral-ci-2a8dc37f,-1,-1,-1,False,True,False,False
direwolf-github/ephemeral-ci-2a8dc3fa,-1,-1,-1,False,True,False,False
direwolf-github/ephemeral-ci-2a8dd5ac,-1,-1,-1,False,True,False,False
direwolf-github/ephemeral-ci-2a8dd99c,-1,-1,-1,False,True,False,False
direwolf-github/ephemeral-ci-2a8dd9b9,-1,-1,-1,False,True,False,False
direwolf-github/ephemeral-ci-2a8ddfd4,-1,-1,-1,False,True,False,False
direwolf-github/ephemeral-ci-2a8de177,-1,-1,-1,False,True,False,False
direwolf-github/ephemeral-ci-2a8ded1a,-1,-1,-1,False,True,False,False
direwolf-github/ephemeral-ci-2a8ded79,-1,-1,-1,False,True,False,False
direwolf-github/ephemeral-ci-2a8df169,-1,-1,-1,False,True,False,False
direwolf-github/ephemeral-ci-2a8df4b0,-1,-1,-1,False,True,False,False
direwolf-github/ephemeral-ci-2a8dfff2,-1,-1,-1,False,True,False,False
direwolf-github/ephemeral-ci-2a8e0152,-1,-1,-1,False,True,False,False
direwolf-github/ephemeral-ci-2a8e2872,-1,-1,-1,False,True,False,False
direwolf-github/ephemeral-ci-2a8e328b,-1,-1,-1,False,True,False,False
direwolf-github/ephemeral-ci-2a8e3454,-1,-1,-1,False,True,False,False
direwolf-github/ephemeral-ci-2a8e357b,-1,-1,-1,False,True,False,False
direwolf-github/ephemeral-ci-2a8e69e2,-1,-1,-1,False,True,False,False
direwolf-github/ephemeral-ci-2a8e7856,-1,-1,-1,False,True,False,False
direwolf-github/ephemeral-ci-2a8e7da0,-1,-1,-1,False,True,False,False
direwolf-github/ephemeral-ci-2a8e80aa,-1,-1,-1,False,True,False,False
direwolf-github/ephemeral-ci-2a8ea63d,-1,-1,-1,False,True,False,False
direwolf-github/ephemeral-ci-2a8ea73b,-1,-1,-1,False,True,False,False
direwolf-github/ephemeral-ci-2a8eb022,-1,-1,-1,False,True,False,False
direwolf-github/ephemeral-ci-2a8eb29b,-1,-1,-1,False,True,False,False
direwolf-github/ephemeral-ci-2a8ebda7,-1,-1,-1,False,True,False,False
direwolf-github/ephemeral-ci-2a8ec048,-1,-1,-1,False,True,False,False
direwolf-github/ephemeral-ci-2a8ec112,-1,-1,-1,False,True,False,False
direwolf-github/ephemeral-ci-2a8ed084,-1,-1,-1,False,True,False,False
direwolf-github/ephemeral-ci-2a8ef5f8,-1,-1,-1,False,True,False,False
direwolf-github/ephemeral-ci-2a8eff64,-1,-1,-1,False,True,False,False
direwolf-github/ephemeral-ci-2a8f0a3d,-1,-1,-1,False,True,False,False
direwolf-github/ephemeral-ci-2a8f16cc,-1,-1,-1,False,True,False,False
direwolf-github/ephemeral-ci-2a8f1724,-1,-1,-1,False,True,False,False
direwolf-github/ephemeral-ci-2a8f17f2,-1,-1,-1,False,True,False,False
direwolf-github/ephemeral-ci-2a8f1958,-1,-1,-1,False,True,False,False
direwolf-github/ephemeral-ci-2a8f2c67,-1,-1,-1,False,True,False,False
direwolf-github/ephemeral-ci-2a8f3049,-1,-1,-1,False,True,False,False
direwolf-github/ephemeral-ci-2a8f41e4,-1,-1,-1,False,True,False,False
direwolf-github/ephemeral-ci-2a8f5603,-1,-1,-1,False,True,False,False
direwolf-github/ephemeral-ci-2a8f640e,-1,-1,-1,False,True,False,False
direwolf-github/ephemeral-ci-2a8f66a6,-1,-1,-1,False,True,False,False
direwolf-github/ephemeral-ci-2a8f6e0b,-1,-1,-1,False,True,False,False
direwolf-github/ephemeral-ci-2a8f7803,-1,-1,-1,False,True,False,False
direwolf-github/ephemeral-ci-2a8f7deb,-1,-1,-1,False,True,False,False
direwolf-github/ephemeral-ci-2a8f8084,-1,-1,-1,False,True,False,False
direwolf-github/ephemeral-ci-2a8f8842,-1,-1,-1,False,True,False,False
direwolf-github/ephemeral-ci-2a8f9d16,-1,-1,-1,False,True,False,False
direwolf-github/ephemeral-ci-2a8f9ddb,-1,-1,-1,False,True,False,False
direwolf-github/ephemeral-ci-2a8f9e9e,-1,-1,-1,False,True,False,False
direwolf-github/ephemeral-ci-2a8fbe4b,-1,-1,-1,False,True,False,False
direwolf-github/ephemeral-ci-2a8fcac1,-1,-1,-1,False,True,False,False
direwolf-github/ephemeral-ci-2a8fd409,-1,-1,-1,False,True,False,False
direwolf-github/ephemeral-ci-2a8fd7a5,-1,-1,-1,False,True,False,False
direwolf-github/ephemeral-ci-2a8ff25d,-1,-1,-1,False,True,False,False
direwolf-github/ephemeral-ci-2a8ff91d,-1,-1,-1,False,True,False,False
direwolf-github/ephemeral-ci-2a900a3f,-1,-1,-1,False,True,False,False
direwolf-github/ephemeral-ci-2a900d41,-1,-1,-1,False,True,False,False
direwolf-github/ephemeral-ci-2a9011f3,-1,-1,-1,False,True,False,False
direwolf-github/ephemeral-ci-2a901e5e,-1,-1,-1,False,True,False,False
direwolf-github/ephemeral-ci-2a902a37,-1,-1,-1,False,True,False,False
direwolf-github/ephemeral-ci-2a902b86,-1,-1,-1,False,True,False,False
direwolf-github/ephemeral-ci-2a902fa8,-1,-1,-1,False,True,False,False
direwolf-github/ephemeral-ci-2a9034cd,-1,-1,-1,False,True,False,False
direwolf-github/ephemeral-ci-2a90465b,-1,-1,-1,False,True,False,False
direwolf-github/ephemeral-ci-2a9049a9,-1,-1,-1,False,True,False,False
direwolf-github/ephemeral-ci-2a9062d4,-1,-1,-1,False,True,False,False
direwolf-github/ephemeral-ci-2a90691e,-1,-1,-1,False,True,False,False
direwolf-github/ephemeral-ci-2a907d95,-1,-1,-1,False,True,False,False
direwolf-github/ephemeral-ci-2a908db6,-1,-1,-1,False,True,False,False
direwolf-github/ephemeral-ci-2a90a474,-1,-1,-1,False,True,False,False
direwolf-github/ephemeral-ci-2a90ab71,-1,-1,-1,False,True,False,False
direwolf-github/ephemeral-ci-2a90c00b,-1,-1,-1,False,True,False,False
direwolf-github/ephemeral-ci-2a90c69b,-1,-1,-1,False,True,False,False
direwolf-github/ephemeral-ci-2a90dc1c,-1,-1,-1,False,True,False,False
direwolf-github/ephemeral-ci-2a90e328,-1,-1,-1,False,True,False,False
direwolf-github/ephemeral-ci-2a90e5f3,-1,-1,-1,False,True,False,False
direwolf-github/ephemeral-ci-2a90f246,-1,-1,-1,False,True,False,False
direwolf-github/ephemeral-ci-2a90fc37,-1,-1,-1,False,True,False,False
direwolf-github/ephemeral-ci-2a9101e7,-1,-1,-1,False,True,False,False
direwolf-github/ephemeral-ci-2a910754,-1,-1,-1,False,True,False,False
direwolf-github/ephemeral-ci-2a910a37,-1,-1,-1,False,True,False,False
direwolf-github/ephemeral-ci-2a911326,-1,-1,-1,False,True,False,False
direwolf-github/ephemeral-ci-2a91231b,-1,-1,-1,False,True,False,False
direwolf-github/ephemeral-ci-2a9129ef,-1,-1,-1,False,True,False,False
direwolf-github/ephemeral-ci-2a912a1d,-1,-1,-1,False,True,False,False
direwolf-github/ephemeral-ci-2a912fec,-1,-1,-1,False,True,False,False
direwolf-github/ephemeral-ci-2a91335f,-1,-1,-1,False,True,False,False
direwolf-github/ephemeral-ci-2a913422,-1,-1,-1,False,True,False,False
direwolf-github/ephemeral-ci-2a913444,-1,-1,-1,False,True,False,False
direwolf-github/ephemeral-ci-2a9136ea,-1,-1,-1,False,True,False,False
direwolf-github/ephemeral-ci-2a914a04,-1,-1,-1,False,True,False,False
direwolf-github/ephemeral-ci-2a9150cf,-1,-1,-1,False,True,False,False
direwolf-github/ephemeral-ci-2a91542e,-1,-1,-1,False,True,False,False
direwolf-github/ephemeral-ci-2a9155c1,-1,-1,-1,False,True,False,False
direwolf-github/ephemeral-ci-2a91579e,-1,-1,-1,False,True,False,False
direwolf-github/ephemeral-ci-2a9159ba,-1,-1,-1,False,True,False,False
direwolf-github/ephemeral-ci-2a915d06,-1,-1,-1,False,True,False,False
direwolf-github/ephemeral-ci-2a91651e,-1,-1,-1,False,True,False,False
direwolf-github/ephemeral-ci-2a917613,-1,-1,-1,False,True,False,False
direwolf-github/ephemeral-ci-2a91806a,-1,-1,-1,False,True,False,False
direwolf-github/ephemeral-ci-2a9196f2,-1,-1,-1,False,True,False,False
direwolf-github/ephemeral-ci-2a91b018,-1,-1,-1,False,True,False,False
direwolf-github/ephemeral-ci-2a91c28e,-1,-1,-1,False,True,False,False
direwolf-github/ephemeral-ci-2a91c378,-1,-1,-1,False,True,False,False
direwolf-github/ephemeral-ci-2a91c47d,-1,-1,-1,False,True,False,False
direwolf-github/ephemeral-ci-2a91c9f0,-1,-1,-1,False,True,False,False
direwolf-github/ephemeral-ci-2a91ca4b,-1,-1,-1,False,True,False,False
direwolf-github/ephemeral-ci-2a91e14e,-1,-1,-1,False,True,False,False
direwolf-github/ephemeral-ci-2a91e983,-1,-1,-1,False,True,False,False
direwolf-github/ephemeral-ci-2a91ea97,-1,-1,-1,False,True,False,False
direwolf-github/ephemeral-ci-2a91ee20,-1,-1,-1,False,True,False,False
direwolf-github/ephemeral-ci-2a91ee2a,-1,-1,-1,False,True,False,False
direwolf-github/ephemeral-ci-2a91fd96,-1,-1,-1,False,True,False,False
direwolf-github/ephemeral-ci-2a91fe3d,-1,-1,-1,False,True,False,False
direwolf-github/ephemeral-ci-2a921944,-1,-1,-1,False,True,False,False
direwolf-github/ephemeral-ci-2a922a0e,-1,-1,-1,False,True,False,False
direwolf-github/ephemeral-ci-2a922a74,-1,-1,-1,False,True,False,False
direwolf-github/ephemeral-ci-2a9233f2,-1,-1,-1,False,True,False,False
direwolf-github/ephemeral-ci-2a9235eb,-1,-1,-1,False,True,False,False
direwolf-github/ephemeral-ci-2a925984,-1,-1,-1,False,True,False,False
direwolf-github/ephemeral-ci-2a92647c,-1,-1,-1,False,True,False,False
direwolf-github/ephemeral-ci-2a926d0e,-1,-1,-1,False,True,False,False
direwolf-github/ephemeral-ci-2a9272be,-1,-1,-1,False,True,False,False
direwolf-github/ephemeral-ci-2a927c85,-1,-1,-1,False,True,False,False
direwolf-github/ephemeral-ci-2a928018,-1,-1,-1,False,True,False,False
direwolf-github/ephemeral-ci-2a9284af,-1,-1,-1,False,True,False,False
direwolf-github/ephemeral-ci-2a928760,-1,-1,-1,False,True,False,False
direwolf-github/ephemeral-ci-2a929c38,-1,-1,-1,False,True,False,False
direwolf-github/ephemeral-ci-2a92a3a0,-1,-1,-1,False,True,False,False
direwolf-github/ephemeral-ci-2a92a542,-1,-1,-1,False,True,False,False
direwolf-github/ephemeral-ci-2a92a8a1,-1,-1,-1,False,True,False,False
direwolf-github/ephemeral-ci-2a92b86e,-1,-1,-1,False,True,False,False
direwolf-github/ephemeral-ci-2a92bfbc,-1,-1,-1,False,True,False,False
direwolf-github/ephemeral-ci-2a92f760,-1,-1,-1,False,True,False,False
direwolf-github/ephemeral-ci-2a92fd76,-1,-1,-1,False,True,False,False
direwolf-github/ephemeral-ci-2a930465,-1,-1,-1,False,True,False,False
direwolf-github/ephemeral-ci-2a93095f,-1,-1,-1,False,True,False,False
direwolf-github/ephemeral-ci-2a9309c5,-1,-1,-1,False,True,False,False
direwolf-github/ephemeral-ci-2a931150,-1,-1,-1,False,True,False,False
direwolf-github/ephemeral-ci-2a931333,-1,-1,-1,False,True,False,False
direwolf-github/ephemeral-ci-2a931ab6,-1,-1,-1,False,True,False,False
direwolf-github/ephemeral-ci-2a931cf5,-1,-1,-1,False,True,False,False
direwolf-github/ephemeral-ci-2a931ec0,-1,-1,-1,False,True,False,False
direwolf-github/ephemeral-ci-2a93369c,-1,-1,-1,False,True,False,False
direwolf-github/ephemeral-ci-2a933cfa,-1,-1,-1,False,True,False,False
direwolf-github/ephemeral-ci-2a933fce,-1,-1,-1,False,True,False,False
direwolf-github/ephemeral-ci-2a9343e3,-1,-1,-1,False,True,False,False
direwolf-github/ephemeral-ci-2a934aac,-1,-1,-1,False,True,False,False
direwolf-github/ephemeral-ci-2a934f0e,-1,-1,-1,False,True,False,False
direwolf-github/ephemeral-ci-2a935395,-1,-1,-1,False,True,False,False
direwolf-github/ephemeral-ci-2a9354ce,-1,-1,-1,False,True,False,False
direwolf-github/ephemeral-ci-2a9365c6,-1,-1,-1,False,True,False,False
direwolf-github/ephemeral-ci-2a936e76,-1,-1,-1,False,True,False,False
direwolf-github/ephemeral-ci-2a936fa1,-1,-1,-1,False,True,False,False
direwolf-github/ephemeral-ci-2a937c1a,-1,-1,-1,False,True,False,False
direwolf-github/ephemeral-ci-2a93854a,-1,-1,-1,False,True,False,False
direwolf-github/ephemeral-ci-2a93873a,-1,-1,-1,False,True,False,False
direwolf-github/ephemeral-ci-2a938b2f,-1,-1,-1,False,True,False,False
direwolf-github/ephemeral-ci-2a93941d,-1,-1,-1,False,True,False,False
direwolf-github/ephemeral-ci-2a939bbe,-1,-1,-1,False,True,False,False
direwolf-github/ephemeral-ci-2a93a491,-1,-1,-1,False,True,False,False
direwolf-github/ephemeral-ci-2a93a731,-1,-1,-1,False,True,False,False
direwolf-github/ephemeral-ci-2a93acda,-1,-1,-1,False,True,False,False
direwolf-github/ephemeral-ci-2a93b034,-1,-1,-1,False,True,False,False
direwolf-github/ephemeral-ci-2a93b4b3,-1,-1,-1,False,True,False,False
direwolf-github/ephemeral-ci-2a93b4fb,-1,-1,-1,False,True,False,False
direwolf-github/ephemeral-ci-2a93c587,-1,-1,-1,False,True,False,False
direwolf-github/ephemeral-ci-2a93ce2b,-1,-1,-1,False,True,False,False
direwolf-github/ephemeral-ci-2a93d827,-1,-1,-1,False,True,False,False
direwolf-github/ephemeral-ci-2a93e8a8,-1,-1,-1,False,True,False,False
direwolf-github/ephemeral-ci-2a93f6fb,-1,-1,-1,False,True,False,False
direwolf-github/ephemeral-ci-2a93fac6,-1,-1,-1,False,True,False,False
direwolf-github/ephemeral-ci-2a9410a4,-1,-1,-1,False,True,False,False
direwolf-github/ephemeral-ci-2a9420cc,-1,-1,-1,False,True,False,False
direwolf-github/ephemeral-ci-2a9422d5,-1,-1,-1,False,True,False,False
direwolf-github/ephemeral-ci-2a942dc5,-1,-1,-1,False,True,False,False
direwolf-github/ephemeral-ci-2a9438a6,-1,-1,-1,False,True,False,False
direwolf-github/ephemeral-ci-2a943cb5,-1,-1,-1,False,True,False,False
direwolf-github/ephemeral-ci-2a944374,-1,-1,-1,False,True,False,False
direwolf-github/ephemeral-ci-2a9446ab,-1,-1,-1,False,True,False,False
direwolf-github/ephemeral-ci-2a9461cf,-1,-1,-1,False,True,False,False
direwolf-github/ephemeral-ci-2a946201,-1,-1,-1,False,True,False,False
direwolf-github/ephemeral-ci-2a946d13,-1,-1,-1,False,True,False,False
direwolf-github/ephemeral-ci-2a946d4a,-1,-1,-1,False,True,False,False
direwolf-github/ephemeral-ci-2a94743d,-1,-1,-1,False,True,False,False
direwolf-github/ephemeral-ci-2a947521,-1,-1,-1,False,True,False,False
direwolf-github/ephemeral-ci-2a947cbb,-1,-1,-1,False,True,False,False
direwolf-github/ephemeral-ci-2a947ed0,-1,-1,-1,False,True,False,False
direwolf-github/ephemeral-ci-2a947fb6,-1,-1,-1,False,True,False,False
direwolf-github/ephemeral-ci-2a94896c,-1,-1,-1,False,True,False,False
direwolf-github/ephemeral-ci-2a949a90,-1,-1,-1,False,True,False,False
direwolf-github/ephemeral-ci-2a949aad,-1,-1,-1,False,True,False,False
direwolf-github/ephemeral-ci-2a94a5a5,-1,-1,-1,False,True,False,False
direwolf-github/ephemeral-ci-2a94ba73,-1,-1,-1,False,True,False,False
direwolf-github/ephemeral-ci-2a94bd7d,-1,-1,-1,False,True,False,False
direwolf-github/ephemeral-ci-2a94c8c8,-1,-1,-1,False,True,False,False
direwolf-github/ephemeral-ci-2a94c95a,-1,-1,-1,False,True,False,False
direwolf-github/ephemeral-ci-2a94cc58,-1,-1,-1,False,True,False,False
direwolf-github/ephemeral-ci-2a94e949,-1,-1,-1,False,True,False,False
direwolf-github/ephemeral-ci-2a94ec40,-1,-1,-1,False,True,False,False
direwolf-github/ephemeral-ci-2a94f177,-1,-1,-1,False,True,False,False
direwolf-github/ephemeral-ci-2a94f3dc,-1,-1,-1,False,True,False,False
direwolf-github/ephemeral-ci-2a94f40f,-1,-1,-1,False,True,False,False
direwolf-github/ephemeral-ci-2a94f9cd,-1,-1,-1,False,True,False,False
direwolf-github/ephemeral-ci-2a9501c7,-1,-1,-1,False,True,False,False
direwolf-github/ephemeral-ci-2a950806,-1,-1,-1,False,True,False,False
direwolf-github/ephemeral-ci-2a950d26,-1,-1,-1,False,True,False,False
direwolf-github/ephemeral-ci-2a9512b3,-1,-1,-1,False,True,False,False
direwolf-github/ephemeral-ci-2a951ab6,-1,-1,-1,False,True,False,False
direwolf-github/ephemeral-ci-2a951efc,-1,-1,-1,False,True,False,False
direwolf-github/ephemeral-ci-2a952403,-1,-1,-1,False,True,False,False
direwolf-github/ephemeral-ci-2a953086,-1,-1,-1,False,True,False,False
direwolf-github/ephemeral-ci-2a953958,-1,-1,-1,False,True,False,False
direwolf-github/ephemeral-ci-2a953a4e,-1,-1,-1,False,True,False,False
direwolf-github/ephemeral-ci-2a953e30,-1,-1,-1,False,True,False,False
direwolf-github/ephemeral-ci-2a955688,-1,-1,-1,False,True,False,False
direwolf-github/ephemeral-ci-2a956f47,-1,-1,-1,False,True,False,False
direwolf-github/ephemeral-ci-2a959572,-1,-1,-1,False,True,False,False
direwolf-github/ephemeral-ci-2a9596ec,-1,-1,-1,False,True,False,False
direwolf-github/ephemeral-ci-2a959992,-1,-1,-1,False,True,False,False
direwolf-github/ephemeral-ci-2a95a57e,-1,-1,-1,False,True,False,False
direwolf-github/ephemeral-ci-2a95a614,-1,-1,-1,False,True,False,False
direwolf-github/ephemeral-ci-2a95ac42,-1,-1,-1,False,True,False,False
direwolf-github/ephemeral-ci-2a95b155,-1,-1,-1,False,True,False,False
direwolf-github/ephemeral-ci-2a95b3d5,-1,-1,-1,False,True,False,False
direwolf-github/ephemeral-ci-2a95b7dc,-1,-1,-1,False,True,False,False
direwolf-github/ephemeral-ci-2a95b922,-1,-1,-1,False,True,False,False
direwolf-github/ephemeral-ci-2a95bcc3,-1,-1,-1,False,True,False,False
direwolf-github/ephemeral-ci-2a95cf72,-1,-1,-1,False,True,False,False
direwolf-github/ephemeral-ci-2a95db85,-1,-1,-1,False,True,False,False
direwolf-github/ephemeral-ci-2a95dccd,-1,-1,-1,False,True,False,False
direwolf-github/ephemeral-ci-2a95f9ad,-1,-1,-1,False,True,False,False
direwolf-github/ephemeral-ci-2a9600ae,-1,-1,-1,False,True,False,False
direwolf-github/ephemeral-ci-2a96037d,-1,-1,-1,False,True,False,False
direwolf-github/ephemeral-ci-2a9625c8,-1,-1,-1,False,True,False,False
direwolf-github/ephemeral-ci-2a962d0e,-1,-1,-1,False,True,False,False
direwolf-github/ephemeral-ci-2a962e73,-1,-1,-1,False,True,False,False
direwolf-github/ephemeral-ci-2a963540,-1,-1,-1,False,True,False,False
direwolf-github/ephemeral-ci-2a963791,-1,-1,-1,False,True,False,False
direwolf-github/ephemeral-ci-2a963794,-1,-1,-1,False,True,False,False
direwolf-github/ephemeral-ci-2a963a88,-1,-1,-1,False,True,False,False
direwolf-github/ephemeral-ci-2a964044,-1,-1,-1,False,True,False,False
direwolf-github/ephemeral-ci-2a964914,-1,-1,-1,False,True,False,False
direwolf-github/ephemeral-ci-2a964da2,-1,-1,-1,False,True,False,False
direwolf-github/ephemeral-ci-2a965755,-1,-1,-1,False,True,False,False
direwolf-github/ephemeral-ci-2a965afc,-1,-1,-1,False,True,False,False
direwolf-github/ephemeral-ci-2a96641c,-1,-1,-1,False,True,False,False
direwolf-github/ephemeral-ci-2a967318,-1,-1,-1,False,True,False,False
direwolf-github/ephemeral-ci-2a9685e2,-1,-1,-1,False,True,False,False
direwolf-github/ephemeral-ci-2a968668,-1,-1,-1,False,True,False,False
direwolf-github/ephemeral-ci-2a968ab3,-1,-1,-1,False,True,False,False
direwolf-github/ephemeral-ci-2a968b35,-1,-1,-1,False,True,False,False
direwolf-github/ephemeral-ci-2a96927c,-1,-1,-1,False,True,False,False
direwolf-github/ephemeral-ci-2a96949c,-1,-1,-1,False,True,False,False
direwolf-github/ephemeral-ci-2a9696d5,-1,-1,-1,False,True,False,False
direwolf-github/ephemeral-ci-2a96c580,-1,-1,-1,False,True,False,False
direwolf-github/ephemeral-ci-2a96cdf1,-1,-1,-1,False,True,False,False
direwolf-github/ephemeral-ci-2a96d028,-1,-1,-1,False,True,False,False
direwolf-github/ephemeral-ci-2a96d091,-1,-1,-1,False,True,False,False
direwolf-github/ephemeral-ci-2a96d938,-1,-1,-1,False,True,False,False
direwolf-github/ephemeral-ci-2a96e074,-1,-1,-1,False,True,False,False
direwolf-github/ephemeral-ci-2a96e90c,-1,-1,-1,False,True,False,False
direwolf-github/ephemeral-ci-2a96ed91,-1,-1,-1,False,True,False,False
direwolf-github/ephemeral-ci-2a96fb0b,-1,-1,-1,False,True,False,False
direwolf-github/ephemeral-ci-2a97068c,-1,-1,-1,False,True,False,False
direwolf-github/ephemeral-ci-2a971462,-1,-1,-1,False,True,False,False
direwolf-github/ephemeral-ci-2a972045,-1,-1,-1,False,True,False,False
direwolf-github/ephemeral-ci-2a9728fa,-1,-1,-1,False,True,False,False
direwolf-github/ephemeral-ci-2a974042,-1,-1,-1,False,True,False,False
direwolf-github/ephemeral-ci-2a974202,-1,-1,-1,False,True,False,False
direwolf-github/ephemeral-ci-2a974b0b,-1,-1,-1,False,True,False,False
direwolf-github/ephemeral-ci-2a974dd1,-1,-1,-1,False,True,False,False
direwolf-github/ephemeral-ci-2a975214,-1,-1,-1,False,True,False,False
direwolf-github/ephemeral-ci-2a975f90,-1,-1,-1,False,True,False,False
direwolf-github/ephemeral-ci-2a97642f,-1,-1,-1,False,True,False,False
direwolf-github/ephemeral-ci-2a9774cb,-1,-1,-1,False,True,False,False
direwolf-github/ephemeral-ci-2a977c0b,-1,-1,-1,False,True,False,False
direwolf-github/ephemeral-ci-2a978162,-1,-1,-1,False,True,False,False
direwolf-github/ephemeral-ci-2a978a1f,-1,-1,-1,False,True,False,False
direwolf-github/ephemeral-ci-2a978ebb,-1,-1,-1,False,True,False,False
direwolf-github/ephemeral-ci-2a979057,-1,-1,-1,False,True,False,False
direwolf-github/ephemeral-ci-2a979a0e,-1,-1,-1,False,True,False,False
direwolf-github/ephemeral-ci-2a979c71,-1,-1,-1,False,True,False,False
direwolf-github/ephemeral-ci-2a97a0a3,-1,-1,-1,False,True,False,False
direwolf-github/ephemeral-ci-2a97ae78,-1,-1,-1,False,True,False,False
direwolf-github/ephemeral-ci-2a97b6b4,-1,-1,-1,False,True,False,False
direwolf-github/ephemeral-ci-2a97b934,-1,-1,-1,False,True,False,False
direwolf-github/ephemeral-ci-2a97b940,-1,-1,-1,False,True,False,False
direwolf-github/ephemeral-ci-2a97bba6,-1,-1,-1,False,True,False,False
direwolf-github/ephemeral-ci-2a97bf5c,-1,-1,-1,False,True,False,False
direwolf-github/ephemeral-ci-2a97bf9a,-1,-1,-1,False,True,False,False
direwolf-github/ephemeral-ci-2a97bf9f,-1,-1,-1,False,True,False,False
direwolf-github/ephemeral-ci-2a97cf8d,-1,-1,-1,False,True,False,False
direwolf-github/ephemeral-ci-2a97d290,-1,-1,-1,False,True,False,False
direwolf-github/ephemeral-ci-2a97d763,-1,-1,-1,False,True,False,False
direwolf-github/ephemeral-ci-2a97ddd5,-1,-1,-1,False,True,False,False
direwolf-github/ephemeral-ci-2a97df24,-1,-1,-1,False,True,False,False
direwolf-github/ephemeral-ci-2a97dfd2,-1,-1,-1,False,True,False,False
direwolf-github/ephemeral-ci-2a97ead7,-1,-1,-1,False,True,False,False
direwolf-github/ephemeral-ci-2a97ef09,-1,-1,-1,False,True,False,False
direwolf-github/ephemeral-ci-2a97f31c,-1,-1,-1,False,True,False,False
direwolf-github/ephemeral-ci-2a9804e1,-1,-1,-1,False,True,False,False
direwolf-github/ephemeral-ci-2a980d9d,-1,-1,-1,False,True,False,False
direwolf-github/ephemeral-ci-2a981174,-1,-1,-1,False,True,False,False
direwolf-github/ephemeral-ci-2a981f93,-1,-1,-1,False,True,False,False
direwolf-github/ephemeral-ci-2a98202a,-1,-1,-1,False,True,False,False
direwolf-github/ephemeral-ci-2a9831ea,-1,-1,-1,False,True,False,False
direwolf-github/ephemeral-ci-2a983619,-1,-1,-1,False,True,False,False
direwolf-github/ephemeral-ci-2a983af1,-1,-1,-1,False,True,False,False
direwolf-github/ephemeral-ci-2a984546,-1,-1,-1,False,True,False,False
direwolf-github/ephemeral-ci-2a9845a3,-1,-1,-1,False,True,False,False
direwolf-github/ephemeral-ci-2a98565c,-1,-1,-1,False,True,False,False
direwolf-github/ephemeral-ci-2a9860fc,-1,-1,-1,False,True,False,False
direwolf-github/ephemeral-ci-2a98788b,-1,-1,-1,False,True,False,False
direwolf-github/ephemeral-ci-2a988189,-1,-1,-1,False,True,False,False
direwolf-github/ephemeral-ci-2a98878e,-1,-1,-1,False,True,False,False
direwolf-github/ephemeral-ci-2a9891cd,-1,-1,-1,False,True,False,False
direwolf-github/ephemeral-ci-2a98a170,-1,-1,-1,False,True,False,False
direwolf-github/ephemeral-ci-2a98acdd,-1,-1,-1,False,True,False,False
direwolf-github/ephemeral-ci-2a98ba73,-1,-1,-1,False,True,False,False
direwolf-github/ephemeral-ci-2a98ba97,-1,-1,-1,False,True,False,False
direwolf-github/ephemeral-ci-2a98c023,-1,-1,-1,False,True,False,False
direwolf-github/ephemeral-ci-2a98c2eb,-1,-1,-1,False,True,False,False
direwolf-github/ephemeral-ci-2a98c914,-1,-1,-1,False,True,False,False
direwolf-github/ephemeral-ci-2a98d7bb,-1,-1,-1,False,True,False,False
direwolf-github/ephemeral-ci-2a98da4d,-1,-1,-1,False,True,False,False
direwolf-github/ephemeral-ci-2a98e075,-1,-1,-1,False,True,False,False
direwolf-github/ephemeral-ci-2a98e22b,-1,-1,-1,False,True,False,False
direwolf-github/ephemeral-ci-2a98e8f7,-1,-1,-1,False,True,False,False
direwolf-github/ephemeral-ci-2a98fcfc,-1,-1,-1,False,True,False,False
direwolf-github/ephemeral-ci-2a98fef4,-1,-1,-1,False,True,False,False
direwolf-github/ephemeral-ci-2a990351,-1,-1,-1,False,True,False,False
direwolf-github/ephemeral-ci-2a9920b2,-1,-1,-1,False,True,False,False
direwolf-github/ephemeral-ci-2a992166,-1,-1,-1,False,True,False,False
direwolf-github/ephemeral-ci-2a99396e,-1,-1,-1,False,True,False,False
direwolf-github/ephemeral-ci-2a993cd1,-1,-1,-1,False,True,False,False
direwolf-github/ephemeral-ci-2a994241,-1,-1,-1,False,True,False,False
direwolf-github/ephemeral-ci-2a9947a2,-1,-1,-1,False,True,False,False
direwolf-github/ephemeral-ci-2a994ce5,-1,-1,-1,False,True,False,False
direwolf-github/ephemeral-ci-2a995aa2,-1,-1,-1,False,True,False,False
direwolf-github/ephemeral-ci-2a995def,-1,-1,-1,False,True,False,False
direwolf-github/ephemeral-ci-2a9972a8,-1,-1,-1,False,True,False,False
direwolf-github/ephemeral-ci-2a997aaa,-1,-1,-1,False,True,False,False
direwolf-github/ephemeral-ci-2a998aa0,-1,-1,-1,False,True,False,False
direwolf-github/ephemeral-ci-2a998c96,-1,-1,-1,False,True,False,False
direwolf-github/ephemeral-ci-2a99b81f,-1,-1,-1,False,True,False,False
direwolf-github/ephemeral-ci-2a99b91d,-1,-1,-1,False,True,False,False
direwolf-github/ephemeral-ci-2a99bf85,-1,-1,-1,False,True,False,False
direwolf-github/ephemeral-ci-2a99cc67,-1,-1,-1,False,True,False,False
direwolf-github/ephemeral-ci-2a99e6d8,-1,-1,-1,False,True,False,False
direwolf-github/ephemeral-ci-2a99f7b7,-1,-1,-1,False,True,False,False
direwolf-github/ephemeral-ci-2a9a0188,-1,-1,-1,False,True,False,False
direwolf-github/ephemeral-ci-2a9a08d6,-1,-1,-1,False,True,False,False
direwolf-github/ephemeral-ci-2a9a0b83,-1,-1,-1,False,True,False,False
direwolf-github/ephemeral-ci-2a9a15b8,-1,-1,-1,False,True,False,False
direwolf-github/ephemeral-ci-2a9a1cf4,-1,-1,-1,False,True,False,False
direwolf-github/ephemeral-ci-2a9a21cd,-1,-1,-1,False,True,False,False
direwolf-github/ephemeral-ci-2a9a22f5,-1,-1,-1,False,True,False,False
direwolf-github/ephemeral-ci-2a9a39d9,-1,-1,-1,False,True,False,False
direwolf-github/ephemeral-ci-2a9a3c03,-1,-1,-1,False,True,False,False
direwolf-github/ephemeral-ci-2a9a413c,-1,-1,-1,False,True,False,False
direwolf-github/ephemeral-ci-2a9a464f,-1,-1,-1,False,True,False,False
direwolf-github/ephemeral-ci-2a9a4c39,-1,-1,-1,False,True,False,False
direwolf-github/ephemeral-ci-2a9a4e8a,-1,-1,-1,False,True,False,False
direwolf-github/ephemeral-ci-2a9a9375,-1,-1,-1,False,True,False,False
direwolf-github/ephemeral-ci-2a9aa7a6,-1,-1,-1,False,True,False,False
direwolf-github/ephemeral-ci-2a9ac17c,-1,-1,-1,False,True,False,False
direwolf-github/ephemeral-ci-2a9ad97f,-1,-1,-1,False,True,False,False
direwolf-github/ephemeral-ci-2a9ae05d,-1,-1,-1,False,True,False,False
direwolf-github/ephemeral-ci-2a9ae3fb,-1,-1,-1,False,True,False,False
direwolf-github/ephemeral-ci-2a9ae8fa,-1,-1,-1,False,True,False,False
direwolf-github/ephemeral-ci-2a9aeb02,-1,-1,-1,False,True,False,False
direwolf-github/ephemeral-ci-2a9aface,-1,-1,-1,False,True,False,False
direwolf-github/ephemeral-ci-2a9afb1c,-1,-1,-1,False,True,False,False
direwolf-github/ephemeral-ci-2a9afce8,-1,-1,-1,False,True,False,False
direwolf-github/ephemeral-ci-2a9aff1f,-1,-1,-1,False,True,False,False
direwolf-github/ephemeral-ci-2a9b00f0,-1,-1,-1,False,True,False,False
direwolf-github/ephemeral-ci-2a9b0811,-1,-1,-1,False,True,False,False
direwolf-github/ephemeral-ci-2a9b0b3f,-1,-1,-1,False,True,False,False
direwolf-github/ephemeral-ci-2a9b1522,-1,-1,-1,False,True,False,False
direwolf-github/ephemeral-ci-2a9b19da,-1,-1,-1,False,True,False,False
direwolf-github/ephemeral-ci-2a9b1fe6,-1,-1,-1,False,True,False,False
direwolf-github/ephemeral-ci-2a9b3a58,-1,-1,-1,False,True,False,False
direwolf-github/ephemeral-ci-2a9b4774,-1,-1,-1,False,True,False,False
direwolf-github/ephemeral-ci-2a9b47e4,-1,-1,-1,False,True,False,False
direwolf-github/ephemeral-ci-2a9b4cd3,-1,-1,-1,False,True,False,False
direwolf-github/ephemeral-ci-2a9b6074,-1,-1,-1,False,True,False,False
direwolf-github/ephemeral-ci-2a9b6e2f,-1,-1,-1,False,True,False,False
direwolf-github/ephemeral-ci-2a9b6f04,-1,-1,-1,False,True,False,False
direwolf-github/ephemeral-ci-2a9b769e,-1,-1,-1,False,True,False,False
direwolf-github/ephemeral-ci-2a9b7fdd,-1,-1,-1,False,True,False,False
direwolf-github/ephemeral-ci-2a9b8296,-1,-1,-1,False,True,False,False
direwolf-github/ephemeral-ci-2a9b83e6,-1,-1,-1,False,True,False,False
direwolf-github/ephemeral-ci-2a9b86b2,-1,-1,-1,False,True,False,False
direwolf-github/ephemeral-ci-2a9b97ac,-1,-1,-1,False,True,False,False
direwolf-github/ephemeral-ci-2a9b9f8b,-1,-1,-1,False,True,False,False
direwolf-github/ephemeral-ci-2a9bafac,-1,-1,-1,False,True,False,False
direwolf-github/ephemeral-ci-2a9bc761,-1,-1,-1,False,True,False,False
direwolf-github/ephemeral-ci-2a9bd285,-1,-1,-1,False,True,False,False
direwolf-github/ephemeral-ci-2a9bdc19,-1,-1,-1,False,True,False,False
direwolf-github/ephemeral-ci-2a9bdd65,-1,-1,-1,False,True,False,False
direwolf-github/ephemeral-ci-2a9bddd7,-1,-1,-1,False,True,False,False
direwolf-github/ephemeral-ci-2a9be004,-1,-1,-1,False,True,False,False
direwolf-github/ephemeral-ci-2a9be690,-1,-1,-1,False,True,False,False
direwolf-github/ephemeral-ci-2a9be76b,-1,-1,-1,False,True,False,False
direwolf-github/ephemeral-ci-2a9bec0b,-1,-1,-1,False,True,False,False
direwolf-github/ephemeral-ci-2a9bf26e,-1,-1,-1,False,True,False,False
direwolf-github/ephemeral-ci-2a9bf6be,-1,-1,-1,False,True,False,False
direwolf-github/ephemeral-ci-2a9bf714,-1,-1,-1,False,True,False,False
direwolf-github/ephemeral-ci-2a9bfd76,-1,-1,-1,False,True,False,False
direwolf-github/ephemeral-ci-2a9c0139,-1,-1,-1,False,True,False,False
direwolf-github/ephemeral-ci-2a9c09dc,-1,-1,-1,False,True,False,False
direwolf-github/ephemeral-ci-2a9c0c64,-1,-1,-1,False,True,False,False
direwolf-github/ephemeral-ci-2a9c0c89,-1,-1,-1,False,True,False,False
direwolf-github/ephemeral-ci-2a9c111b,-1,-1,-1,False,True,False,False
direwolf-github/ephemeral-ci-2a9c1994,-1,-1,-1,False,True,False,False
direwolf-github/ephemeral-ci-2a9c2229,-1,-1,-1,False,True,False,False
direwolf-github/ephemeral-ci-2a9c22e4,-1,-1,-1,False,True,False,False
direwolf-github/ephemeral-ci-2a9c29e5,-1,-1,-1,False,True,False,False
direwolf-github/ephemeral-ci-2a9c3980,-1,-1,-1,False,True,False,False
direwolf-github/ephemeral-ci-2a9c4197,-1,-1,-1,False,True,False,False
direwolf-github/ephemeral-ci-2a9c4383,-1,-1,-1,False,True,False,False
direwolf-github/ephemeral-ci-2a9c51eb,-1,-1,-1,False,True,False,False
direwolf-github/ephemeral-ci-2a9c5902,-1,-1,-1,False,True,False,False
direwolf-github/ephemeral-ci-2a9c772d,-1,-1,-1,False,True,False,False
direwolf-github/ephemeral-ci-2a9c7c10,-1,-1,-1,False,True,False,False
direwolf-github/ephemeral-ci-2a9c7de4,-1,-1,-1,False,True,False,False
direwolf-github/ephemeral-ci-2a9c8534,-1,-1,-1,False,True,False,False
direwolf-github/ephemeral-ci-2a9c8c78,-1,-1,-1,False,True,False,False
direwolf-github/ephemeral-ci-2a9c8c7a,-1,-1,-1,False,True,False,False
direwolf-github/ephemeral-ci-2a9c9deb,-1,-1,-1,False,True,False,False
direwolf-github/ephemeral-ci-2a9ca79d,-1,-1,-1,False,True,False,False
direwolf-github/ephemeral-ci-2a9ca79e,-1,-1,-1,False,True,False,False
direwolf-github/ephemeral-ci-2a9caa36,-1,-1,-1,False,True,False,False
direwolf-github/ephemeral-ci-2a9caf9b,-1,-1,-1,False,True,False,False
direwolf-github/ephemeral-ci-2a9cbb97,-1,-1,-1,False,True,False,False
direwolf-github/ephemeral-ci-2a9cc946,-1,-1,-1,False,True,False,False
direwolf-github/ephemeral-ci-2a9cc9b6,-1,-1,-1,False,True,False,False
direwolf-github/ephemeral-ci-2a9ccdba,-1,-1,-1,False,True,False,False
direwolf-github/ephemeral-ci-2a9cd8eb,-1,-1,-1,False,True,False,False
direwolf-github/ephemeral-ci-2a9d0492,-1,-1,-1,False,True,False,False
direwolf-github/ephemeral-ci-2a9d0b98,-1,-1,-1,False,True,False,False
direwolf-github/ephemeral-ci-2a9d1036,-1,-1,-1,False,True,False,False
direwolf-github/ephemeral-ci-2a9d113a,-1,-1,-1,False,True,False,False
direwolf-github/ephemeral-ci-2a9d1af5,-1,-1,-1,False,True,False,False
direwolf-github/ephemeral-ci-2a9d21f3,-1,-1,-1,False,True,False,False
direwolf-github/ephemeral-ci-2a9d256f,-1,-1,-1,False,True,False,False
direwolf-github/ephemeral-ci-2a9d2661,-1,-1,-1,False,True,False,False
direwolf-github/ephemeral-ci-2a9d281d,-1,-1,-1,False,True,False,False
direwolf-github/ephemeral-ci-2a9d4966,-1,-1,-1,False,True,False,False
direwolf-github/ephemeral-ci-2a9d5845,-1,-1,-1,False,True,False,False
direwolf-github/ephemeral-ci-2a9d6c4b,-1,-1,-1,False,True,False,False
direwolf-github/ephemeral-ci-2a9d716c,-1,-1,-1,False,True,False,False
direwolf-github/ephemeral-ci-2a9d88df,-1,-1,-1,False,True,False,False
direwolf-github/ephemeral-ci-2a9d905f,-1,-1,-1,False,True,False,False
direwolf-github/ephemeral-ci-2a9d910a,-1,-1,-1,False,True,False,False
direwolf-github/ephemeral-ci-2a9d92b2,-1,-1,-1,False,True,False,False
direwolf-github/ephemeral-ci-2a9d930c,-1,-1,-1,False,True,False,False
direwolf-github/ephemeral-ci-2a9d933c,-1,-1,-1,False,True,False,False
direwolf-github/ephemeral-ci-2a9da5f6,-1,-1,-1,False,True,False,False
direwolf-github/ephemeral-ci-2a9dad85,-1,-1,-1,False,True,False,False
direwolf-github/ephemeral-ci-2a9dbbd1,-1,-1,-1,False,True,False,False
direwolf-github/ephemeral-ci-2a9dc474,-1,-1,-1,False,True,False,False
direwolf-github/ephemeral-ci-2a9dd34c,-1,-1,-1,False,True,False,False
direwolf-github/ephemeral-ci-2a9dd6c0,-1,-1,-1,False,True,False,False
direwolf-github/ephemeral-ci-2a9dd759,-1,-1,-1,False,True,False,False
direwolf-github/ephemeral-ci-2a9de255,-1,-1,-1,False,True,False,False
direwolf-github/ephemeral-ci-2a9df450,-1,-1,-1,False,True,False,False
direwolf-github/ephemeral-ci-2a9e0232,-1,-1,-1,False,True,False,False
direwolf-github/ephemeral-ci-2a9e038f,-1,-1,-1,False,True,False,False
direwolf-github/ephemeral-ci-2a9e0835,-1,-1,-1,False,True,False,False
direwolf-github/ephemeral-ci-2a9e1df8,-1,-1,-1,False,True,False,False
direwolf-github/ephemeral-ci-2a9e2072,-1,-1,-1,False,True,False,False
direwolf-github/ephemeral-ci-2a9e26df,-1,-1,-1,False,True,False,False
direwolf-github/ephemeral-ci-2a9e2cdd,-1,-1,-1,False,True,False,False
direwolf-github/ephemeral-ci-2a9e3aaa,-1,-1,-1,False,True,False,False
direwolf-github/ephemeral-ci-2a9e407e,-1,-1,-1,False,True,False,False
direwolf-github/ephemeral-ci-2a9e41c7,-1,-1,-1,False,True,False,False
direwolf-github/ephemeral-ci-2a9e441c,-1,-1,-1,False,True,False,False
direwolf-github/ephemeral-ci-2a9e5200,-1,-1,-1,False,True,False,False
direwolf-github/ephemeral-ci-2a9e60c2,-1,-1,-1,False,True,False,False
direwolf-github/ephemeral-ci-2a9e60c6,-1,-1,-1,False,True,False,False
direwolf-github/ephemeral-ci-2a9e63b4,-1,-1,-1,False,True,False,False
direwolf-github/ephemeral-ci-2a9e73d9,-1,-1,-1,False,True,False,False
direwolf-github/ephemeral-ci-2a9e76c0,-1,-1,-1,False,True,False,False
direwolf-github/ephemeral-ci-2a9e7fc4,-1,-1,-1,False,True,False,False
direwolf-github/ephemeral-ci-2a9e8400,-1,-1,-1,False,True,False,False
direwolf-github/ephemeral-ci-2a9e89f0,-1,-1,-1,False,True,False,False
direwolf-github/ephemeral-ci-2a9e90d2,-1,-1,-1,False,True,False,False
direwolf-github/ephemeral-ci-2a9e9572,-1,-1,-1,False,True,False,False
direwolf-github/ephemeral-ci-2a9ebd09,-1,-1,-1,False,True,False,False
direwolf-github/ephemeral-ci-2a9ec8e8,-1,-1,-1,False,True,False,False
direwolf-github/ephemeral-ci-2a9eccc0,-1,-1,-1,False,True,False,False
direwolf-github/ephemeral-ci-2a9ed281,-1,-1,-1,False,True,False,False
direwolf-github/ephemeral-ci-2a9edbb4,-1,-1,-1,False,True,False,False
direwolf-github/ephemeral-ci-2a9ede07,-1,-1,-1,False,True,False,False
direwolf-github/ephemeral-ci-2a9ee24d,-1,-1,-1,False,True,False,False
direwolf-github/ephemeral-ci-2a9ee2c9,-1,-1,-1,False,True,False,False
direwolf-github/ephemeral-ci-2a9f0004,-1,-1,-1,False,True,False,False
direwolf-github/ephemeral-ci-2a9f0f74,-1,-1,-1,False,True,False,False
direwolf-github/ephemeral-ci-2a9f1b00,-1,-1,-1,False,True,False,False
direwolf-github/ephemeral-ci-2a9f3059,-1,-1,-1,False,True,False,False
direwolf-github/ephemeral-ci-2a9f30ee,-1,-1,-1,False,True,False,False
direwolf-github/ephemeral-ci-2a9f3869,-1,-1,-1,False,True,False,False
direwolf-github/ephemeral-ci-2a9f4652,-1,-1,-1,False,True,False,False
direwolf-github/ephemeral-ci-2a9f4a60,-1,-1,-1,False,True,False,False
direwolf-github/ephemeral-ci-2a9f5304,-1,-1,-1,False,True,False,False
direwolf-github/ephemeral-ci-2a9f543c,-1,-1,-1,False,True,False,False
direwolf-github/ephemeral-ci-2a9f64b0,-1,-1,-1,False,True,False,False
direwolf-github/ephemeral-ci-2a9f683a,-1,-1,-1,False,True,False,False
direwolf-github/ephemeral-ci-2a9f702c,-1,-1,-1,False,True,False,False
direwolf-github/ephemeral-ci-2a9f7552,-1,-1,-1,False,True,False,False
direwolf-github/ephemeral-ci-2a9f8f1b,-1,-1,-1,False,True,False,False
direwolf-github/ephemeral-ci-2a9fa8e1,-1,-1,-1,False,True,False,False
direwolf-github/ephemeral-ci-2a9facf1,-1,-1,-1,False,True,False,False
direwolf-github/ephemeral-ci-2a9fc84f,-1,-1,-1,False,True,False,False
direwolf-github/ephemeral-ci-2a9fcf29,-1,-1,-1,False,True,False,False
direwolf-github/ephemeral-ci-2a9febf8,-1,-1,-1,False,True,False,False
direwolf-github/ephemeral-ci-2a9fefa5,-1,-1,-1,False,True,False,False
direwolf-github/ephemeral-ci-2a9fffdb,-1,-1,-1,False,True,False,False
direwolf-github/ephemeral-ci-2aa0170c,-1,-1,-1,False,True,False,False
direwolf-github/ephemeral-ci-2aa02b27,-1,-1,-1,False,True,False,False
direwolf-github/ephemeral-ci-2aa02c61,-1,-1,-1,False,True,False,False
direwolf-github/ephemeral-ci-2aa02d62,-1,-1,-1,False,True,False,False
direwolf-github/ephemeral-ci-2aa030f4,-1,-1,-1,False,True,False,False
direwolf-github/ephemeral-ci-2aa03e92,-1,-1,-1,False,True,False,False
direwolf-github/ephemeral-ci-2aa04c2a,-1,-1,-1,False,True,False,False
direwolf-github/ephemeral-ci-2aa04d7f,-1,-1,-1,False,True,False,False
direwolf-github/ephemeral-ci-2aa052a5,-1,-1,-1,False,True,False,False
direwolf-github/ephemeral-ci-2aa05aa7,-1,-1,-1,False,True,False,False
direwolf-github/ephemeral-ci-2aa064cc,-1,-1,-1,False,True,False,False
direwolf-github/ephemeral-ci-2aa06e8b,-1,-1,-1,False,True,False,False
direwolf-github/ephemeral-ci-2aa079cc,-1,-1,-1,False,True,False,False
direwolf-github/ephemeral-ci-2aa07aa2,-1,-1,-1,False,True,False,False
direwolf-github/ephemeral-ci-2aa07bdf,-1,-1,-1,False,True,False,False
direwolf-github/ephemeral-ci-2aa0847c,-1,-1,-1,False,True,False,False
direwolf-github/ephemeral-ci-2aa084bf,-1,-1,-1,False,True,False,False
direwolf-github/ephemeral-ci-2aa084f4,-1,-1,-1,False,True,False,False
direwolf-github/ephemeral-ci-2aa0869b,-1,-1,-1,False,True,False,False
direwolf-github/ephemeral-ci-2aa08eab,-1,-1,-1,False,True,False,False
direwolf-github/ephemeral-ci-2aa09a8d,-1,-1,-1,False,True,False,False
direwolf-github/ephemeral-ci-2aa0a5c8,-1,-1,-1,False,True,False,False
direwolf-github/ephemeral-ci-2aa0a868,-1,-1,-1,False,True,False,False
direwolf-github/ephemeral-ci-2aa0ac3e,-1,-1,-1,False,True,False,False
direwolf-github/ephemeral-ci-2aa0ad7e,-1,-1,-1,False,True,False,False
direwolf-github/ephemeral-ci-2aa0b1f6,-1,-1,-1,False,True,False,False
direwolf-github/ephemeral-ci-2aa0b681,-1,-1,-1,False,True,False,False
direwolf-github/ephemeral-ci-2aa0bd4b,-1,-1,-1,False,True,False,False
direwolf-github/ephemeral-ci-2aa0ddd2,-1,-1,-1,False,True,False,False
direwolf-github/ephemeral-ci-2aa0e1b6,-1,-1,-1,False,True,False,False
direwolf-github/ephemeral-ci-2aa0e760,-1,-1,-1,False,True,False,False
direwolf-github/ephemeral-ci-2aa0e9d8,-1,-1,-1,False,True,False,False
direwolf-github/ephemeral-ci-2aa0ee77,-1,-1,-1,False,True,False,False
direwolf-github/ephemeral-ci-2aa0ef41,-1,-1,-1,False,True,False,False
direwolf-github/ephemeral-ci-2aa0fab0,-1,-1,-1,False,True,False,False
direwolf-github/ephemeral-ci-2aa10463,-1,-1,-1,False,True,False,False
direwolf-github/ephemeral-ci-2aa10b0d,-1,-1,-1,False,True,False,False
direwolf-github/ephemeral-ci-2aa11d1a,-1,-1,-1,False,True,False,False
direwolf-github/ephemeral-ci-2aa12ac6,-1,-1,-1,False,True,False,False
direwolf-github/ephemeral-ci-2aa1369a,-1,-1,-1,False,True,False,False
direwolf-github/ephemeral-ci-2aa14998,-1,-1,-1,False,True,False,False
direwolf-github/ephemeral-ci-2aa14b06,-1,-1,-1,False,True,False,False
direwolf-github/ephemeral-ci-2aa14da3,-1,-1,-1,False,True,False,False
direwolf-github/ephemeral-ci-2aa15326,-1,-1,-1,False,True,False,False
direwolf-github/ephemeral-ci-2aa1593d,-1,-1,-1,False,True,False,False
direwolf-github/ephemeral-ci-2aa160cd,-1,-1,-1,False,True,False,False
direwolf-github/ephemeral-ci-2aa1616b,-1,-1,-1,False,True,False,False
direwolf-github/ephemeral-ci-2aa1730e,-1,-1,-1,False,True,False,False
direwolf-github/ephemeral-ci-2aa17679,-1,-1,-1,False,True,False,False
direwolf-github/ephemeral-ci-2aa1827d,-1,-1,-1,False,True,False,False
direwolf-github/ephemeral-ci-2aa182ab,-1,-1,-1,False,True,False,False
direwolf-github/ephemeral-ci-2aa19191,-1,-1,-1,False,True,False,False
direwolf-github/ephemeral-ci-2aa19b98,-1,-1,-1,False,True,False,False
direwolf-github/ephemeral-ci-2aa19d06,-1,-1,-1,False,True,False,False
direwolf-github/ephemeral-ci-2aa1a121,-1,-1,-1,False,True,False,False
direwolf-github/ephemeral-ci-2aa1ab22,-1,-1,-1,False,True,False,False
direwolf-github/ephemeral-ci-2aa1dc46,-1,-1,-1,False,True,False,False
direwolf-github/ephemeral-ci-2aa1e0db,-1,-1,-1,False,True,False,False
direwolf-github/ephemeral-ci-2aa1ef11,-1,-1,-1,False,True,False,False
direwolf-github/ephemeral-ci-2aa1f277,-1,-1,-1,False,True,False,False
direwolf-github/ephemeral-ci-2aa207d2,-1,-1,-1,False,True,False,False
direwolf-github/ephemeral-ci-2aa20ff5,-1,-1,-1,False,True,False,False
direwolf-github/ephemeral-ci-2aa22356,-1,-1,-1,False,True,False,False
direwolf-github/ephemeral-ci-2aa22df9,-1,-1,-1,False,True,False,False
direwolf-github/ephemeral-ci-2aa22f33,-1,-1,-1,False,True,False,False
direwolf-github/ephemeral-ci-2aa2308d,-1,-1,-1,False,True,False,False
direwolf-github/ephemeral-ci-2aa230dd,-1,-1,-1,False,True,False,False
direwolf-github/ephemeral-ci-2aa26a7d,-1,-1,-1,False,True,False,False
direwolf-github/ephemeral-ci-2aa26de2,-1,-1,-1,False,True,False,False
direwolf-github/ephemeral-ci-2aa27213,-1,-1,-1,False,True,False,False
direwolf-github/ephemeral-ci-2aa27345,-1,-1,-1,False,True,False,False
direwolf-github/ephemeral-ci-2aa2890d,-1,-1,-1,False,True,False,False
direwolf-github/ephemeral-ci-2aa28a83,-1,-1,-1,False,True,False,False
direwolf-github/ephemeral-ci-2aa28e75,-1,-1,-1,False,True,False,False
direwolf-github/ephemeral-ci-2aa2abab,-1,-1,-1,False,True,False,False
direwolf-github/ephemeral-ci-2aa2af50,-1,-1,-1,False,True,False,False
direwolf-github/ephemeral-ci-2aa2b72b,-1,-1,-1,False,True,False,False
direwolf-github/ephemeral-ci-2aa2d8b8,-1,-1,-1,False,True,False,False
direwolf-github/ephemeral-ci-2aa2e72d,-1,-1,-1,False,True,False,False
direwolf-github/ephemeral-ci-2aa2ee92,-1,-1,-1,False,True,False,False
direwolf-github/ephemeral-ci-2aa2f259,-1,-1,-1,False,True,False,False
direwolf-github/ephemeral-ci-2aa2fb34,-1,-1,-1,False,True,False,False
direwolf-github/ephemeral-ci-2aa2fd63,-1,-1,-1,False,True,False,False
direwolf-github/ephemeral-ci-2aa2fe99,-1,-1,-1,False,True,False,False
direwolf-github/ephemeral-ci-2aa30060,-1,-1,-1,False,True,False,False
direwolf-github/ephemeral-ci-2aa30779,-1,-1,-1,False,True,False,False
direwolf-github/ephemeral-ci-2aa30eef,-1,-1,-1,False,True,False,False
direwolf-github/ephemeral-ci-2aa31ab8,-1,-1,-1,False,True,False,False
direwolf-github/ephemeral-ci-2aa32623,-1,-1,-1,False,True,False,False
direwolf-github/ephemeral-ci-2aa32cc6,-1,-1,-1,False,True,False,False
direwolf-github/ephemeral-ci-2aa330ed,-1,-1,-1,False,True,False,False
direwolf-github/ephemeral-ci-2aa33d24,-1,-1,-1,False,True,False,False
direwolf-github/ephemeral-ci-2aa34cd9,-1,-1,-1,False,True,False,False
direwolf-github/ephemeral-ci-2aa35209,-1,-1,-1,False,True,False,False
direwolf-github/ephemeral-ci-2aa357ac,-1,-1,-1,False,True,False,False
direwolf-github/ephemeral-ci-2aa359fb,-1,-1,-1,False,True,False,False
direwolf-github/ephemeral-ci-2aa362bd,-1,-1,-1,False,True,False,False
direwolf-github/ephemeral-ci-2aa3641f,-1,-1,-1,False,True,False,False
direwolf-github/ephemeral-ci-2aa36735,-1,-1,-1,False,True,False,False
direwolf-github/ephemeral-ci-2aa36bde,-1,-1,-1,False,True,False,False
direwolf-github/ephemeral-ci-2aa371c4,-1,-1,-1,False,True,False,False
direwolf-github/ephemeral-ci-2aa39bcb,-1,-1,-1,False,True,False,False
direwolf-github/ephemeral-ci-2aa39da3,-1,-1,-1,False,True,False,False
direwolf-github/ephemeral-ci-2aa3aaaf,-1,-1,-1,False,True,False,False
direwolf-github/ephemeral-ci-2aa3af35,-1,-1,-1,False,True,False,False
direwolf-github/ephemeral-ci-2aa3b039,-1,-1,-1,False,True,False,False
direwolf-github/ephemeral-ci-2aa3b7bb,-1,-1,-1,False,True,False,False
direwolf-github/ephemeral-ci-2aa3cc15,-1,-1,-1,False,True,False,False
direwolf-github/ephemeral-ci-2aa3cddc,-1,-1,-1,False,True,False,False
direwolf-github/ephemeral-ci-2aa3f162,-1,-1,-1,False,True,False,False
direwolf-github/ephemeral-ci-2aa3f2b3,-1,-1,-1,False,True,False,False
direwolf-github/ephemeral-ci-2aa3f3cc,-1,-1,-1,False,True,False,False
direwolf-github/ephemeral-ci-2aa400f2,-1,-1,-1,False,True,False,False
direwolf-github/ephemeral-ci-2aa4130d,-1,-1,-1,False,True,False,False
direwolf-github/ephemeral-ci-2aa41a09,-1,-1,-1,False,True,False,False
direwolf-github/ephemeral-ci-2aa41af2,-1,-1,-1,False,True,False,False
direwolf-github/ephemeral-ci-2aa41c94,-1,-1,-1,False,True,False,False
direwolf-github/ephemeral-ci-2aa429fb,-1,-1,-1,False,True,False,False
direwolf-github/ephemeral-ci-2aa42f59,-1,-1,-1,False,True,False,False
direwolf-github/ephemeral-ci-2aa430c0,-1,-1,-1,False,True,False,False
direwolf-github/ephemeral-ci-2aa43647,-1,-1,-1,False,True,False,False
direwolf-github/ephemeral-ci-2aa43a38,-1,-1,-1,False,True,False,False
direwolf-github/ephemeral-ci-2aa44163,-1,-1,-1,False,True,False,False
direwolf-github/ephemeral-ci-2aa443c6,-1,-1,-1,False,True,False,False
direwolf-github/ephemeral-ci-2aa45dd8,-1,-1,-1,False,True,False,False
direwolf-github/ephemeral-ci-2aa45f74,-1,-1,-1,False,True,False,False
direwolf-github/ephemeral-ci-2aa466c0,-1,-1,-1,False,True,False,False
direwolf-github/ephemeral-ci-2aa4725d,-1,-1,-1,False,True,False,False
direwolf-github/ephemeral-ci-2aa47c1f,-1,-1,-1,False,True,False,False
direwolf-github/ephemeral-ci-2aa47fc5,-1,-1,-1,False,True,False,False
direwolf-github/ephemeral-ci-2aa4a004,-1,-1,-1,False,True,False,False
direwolf-github/ephemeral-ci-2aa4a7d0,-1,-1,-1,False,True,False,False
direwolf-github/ephemeral-ci-2aa4bd8b,-1,-1,-1,False,True,False,False
direwolf-github/ephemeral-ci-2aa4d3fc,-1,-1,-1,False,True,False,False
direwolf-github/ephemeral-ci-2aa4e90e,-1,-1,-1,False,True,False,False
direwolf-github/ephemeral-ci-2aa4ecfa,-1,-1,-1,False,True,False,False
direwolf-github/ephemeral-ci-2aa4efb2,-1,-1,-1,False,True,False,False
direwolf-github/ephemeral-ci-2aa4f607,-1,-1,-1,False,True,False,False
direwolf-github/ephemeral-ci-2aa4f8ff,-1,-1,-1,False,True,False,False
direwolf-github/ephemeral-ci-2aa50303,-1,-1,-1,False,True,False,False
direwolf-github/ephemeral-ci-2aa5074e,-1,-1,-1,False,True,False,False
direwolf-github/ephemeral-ci-2aa50d7c,-1,-1,-1,False,True,False,False
direwolf-github/ephemeral-ci-2aa51933,-1,-1,-1,False,True,False,False
direwolf-github/ephemeral-ci-2aa51b51,-1,-1,-1,False,True,False,False
direwolf-github/ephemeral-ci-2aa51c6a,-1,-1,-1,False,True,False,False
direwolf-github/ephemeral-ci-2aa52eb0,-1,-1,-1,False,True,False,False
direwolf-github/ephemeral-ci-2aa53bd3,-1,-1,-1,False,True,False,False
direwolf-github/ephemeral-ci-2aa54f83,-1,-1,-1,False,True,False,False
direwolf-github/ephemeral-ci-2aa5626c,-1,-1,-1,False,True,False,False
direwolf-github/ephemeral-ci-2aa56649,-1,-1,-1,False,True,False,False
direwolf-github/ephemeral-ci-2aa567f3,-1,-1,-1,False,True,False,False
direwolf-github/ephemeral-ci-2aa56961,-1,-1,-1,False,True,False,False
direwolf-github/ephemeral-ci-2aa56a89,-1,-1,-1,False,True,False,False
direwolf-github/ephemeral-ci-2aa57762,-1,-1,-1,False,True,False,False
direwolf-github/ephemeral-ci-2aa57d9d,-1,-1,-1,False,True,False,False
direwolf-github/ephemeral-ci-2aa583d6,-1,-1,-1,False,True,False,False
direwolf-github/ephemeral-ci-2aa588b4,-1,-1,-1,False,True,False,False
direwolf-github/ephemeral-ci-2aa58a07,-1,-1,-1,False,True,False,False
direwolf-github/ephemeral-ci-2aa58dae,-1,-1,-1,False,True,False,False
direwolf-github/ephemeral-ci-2aa5a14d,-1,-1,-1,False,True,False,False
direwolf-github/ephemeral-ci-2aa5a20a,-1,-1,-1,False,True,False,False
direwolf-github/ephemeral-ci-2aa5a214,-1,-1,-1,False,True,False,False
direwolf-github/ephemeral-ci-2aa5a515,-1,-1,-1,False,True,False,False
direwolf-github/ephemeral-ci-2aa5a90a,-1,-1,-1,False,True,False,False
direwolf-github/ephemeral-ci-2aa5a9b5,-1,-1,-1,False,True,False,False
direwolf-github/ephemeral-ci-2aa5b1ca,-1,-1,-1,False,True,False,False
direwolf-github/ephemeral-ci-2aa5b6ea,-1,-1,-1,False,True,False,False
direwolf-github/ephemeral-ci-2aa5bbda,-1,-1,-1,False,True,False,False
direwolf-github/ephemeral-ci-2aa5bdb2,-1,-1,-1,False,True,False,False
direwolf-github/ephemeral-ci-2aa5c410,-1,-1,-1,False,True,False,False
direwolf-github/ephemeral-ci-2aa5c8b5,-1,-1,-1,False,True,False,False
direwolf-github/ephemeral-ci-2aa5cece,-1,-1,-1,False,True,False,False
direwolf-github/ephemeral-ci-2aa5d4ce,-1,-1,-1,False,True,False,False
direwolf-github/ephemeral-ci-2aa5dc28,-1,-1,-1,False,True,False,False
direwolf-github/ephemeral-ci-2aa5dfca,-1,-1,-1,False,True,False,False
direwolf-github/ephemeral-ci-2aa5e18d,-1,-1,-1,False,True,False,False
direwolf-github/ephemeral-ci-2aa5e849,-1,-1,-1,False,True,False,False
direwolf-github/ephemeral-ci-2aa5ecbd,-1,-1,-1,False,True,False,False
direwolf-github/ephemeral-ci-2aa5ed7c,-1,-1,-1,False,True,False,False
direwolf-github/ephemeral-ci-2aa5f3e9,-1,-1,-1,False,True,False,False
direwolf-github/ephemeral-ci-2aa603aa,-1,-1,-1,False,True,False,False
direwolf-github/ephemeral-ci-2aa6118b,-1,-1,-1,False,True,False,False
direwolf-github/ephemeral-ci-2aa6123e,-1,-1,-1,False,True,False,False
direwolf-github/ephemeral-ci-2aa61feb,-1,-1,-1,False,True,False,False
direwolf-github/ephemeral-ci-2aa62e85,-1,-1,-1,False,True,False,False
direwolf-github/ephemeral-ci-2aa63ba8,-1,-1,-1,False,True,False,False
direwolf-github/ephemeral-ci-2aa64a4a,-1,-1,-1,False,True,False,False
direwolf-github/ephemeral-ci-2aa65c44,-1,-1,-1,False,True,False,False
direwolf-github/ephemeral-ci-2aa6627e,-1,-1,-1,False,True,False,False
direwolf-github/ephemeral-ci-2aa66b78,-1,-1,-1,False,True,False,False
direwolf-github/ephemeral-ci-2aa671ff,-1,-1,-1,False,True,False,False
direwolf-github/ephemeral-ci-2aa68e0e,-1,-1,-1,False,True,False,False
direwolf-github/ephemeral-ci-2aa69630,-1,-1,-1,False,True,False,False
direwolf-github/ephemeral-ci-2aa69a6b,-1,-1,-1,False,True,False,False
direwolf-github/ephemeral-ci-2aa69c25,-1,-1,-1,False,True,False,False
direwolf-github/ephemeral-ci-2aa69cb9,-1,-1,-1,False,True,False,False
direwolf-github/ephemeral-ci-2aa69cc4,-1,-1,-1,False,True,False,False
direwolf-github/ephemeral-ci-2aa6a274,-1,-1,-1,False,True,False,False
direwolf-github/ephemeral-ci-2aa6aa68,-1,-1,-1,False,True,False,False
direwolf-github/ephemeral-ci-2aa6b657,-1,-1,-1,False,True,False,False
direwolf-github/ephemeral-ci-2aa6b93e,-1,-1,-1,False,True,False,False
direwolf-github/ephemeral-ci-2aa6ba68,-1,-1,-1,False,True,False,False
direwolf-github/ephemeral-ci-2aa6bf1c,-1,-1,-1,False,True,False,False
direwolf-github/ephemeral-ci-2aa6bfdc,-1,-1,-1,False,True,False,False
direwolf-github/ephemeral-ci-2aa6ce96,-1,-1,-1,False,True,False,False
direwolf-github/ephemeral-ci-2aa6e461,-1,-1,-1,False,True,False,False
direwolf-github/ephemeral-ci-2aa6e5f8,-1,-1,-1,False,True,False,False
direwolf-github/ephemeral-ci-2aa710d6,-1,-1,-1,False,True,False,False
direwolf-github/ephemeral-ci-2aa7128b,-1,-1,-1,False,True,False,False
direwolf-github/ephemeral-ci-2aa71384,-1,-1,-1,False,True,False,False
direwolf-github/ephemeral-ci-2aa71c16,-1,-1,-1,False,True,False,False
direwolf-github/ephemeral-ci-2aa721a2,-1,-1,-1,False,True,False,False
direwolf-github/ephemeral-ci-2aa726d2,-1,-1,-1,False,True,False,False
direwolf-github/ephemeral-ci-2aa727b4,-1,-1,-1,False,True,False,False
direwolf-github/ephemeral-ci-2aa72bdd,-1,-1,-1,False,True,False,False
direwolf-github/ephemeral-ci-2aa73d01,-1,-1,-1,False,True,False,False
direwolf-github/ephemeral-ci-2aa73d0f,-1,-1,-1,False,True,False,False
direwolf-github/ephemeral-ci-2aa73dc8,-1,-1,-1,False,True,False,False
direwolf-github/ephemeral-ci-2aa742b0,-1,-1,-1,False,True,False,False
direwolf-github/ephemeral-ci-2aa757b2,-1,-1,-1,False,True,False,False
direwolf-github/ephemeral-ci-2aa757f0,-1,-1,-1,False,True,False,False
direwolf-github/ephemeral-ci-2aa75fea,-1,-1,-1,False,True,False,False
direwolf-github/ephemeral-ci-2aa76326,-1,-1,-1,False,True,False,False
direwolf-github/ephemeral-ci-2aa76b0a,-1,-1,-1,False,True,False,False
direwolf-github/ephemeral-ci-2aa777fc,-1,-1,-1,False,True,False,False
direwolf-github/ephemeral-ci-2aa77b8e,-1,-1,-1,False,True,False,False
direwolf-github/ephemeral-ci-2aa78bc6,-1,-1,-1,False,True,False,False
direwolf-github/ephemeral-ci-2aa78ee4,-1,-1,-1,False,True,False,False
direwolf-github/ephemeral-ci-2aa79287,-1,-1,-1,False,True,False,False
direwolf-github/ephemeral-ci-2aa797be,-1,-1,-1,False,True,False,False
direwolf-github/ephemeral-ci-2aa79877,-1,-1,-1,False,True,False,False
direwolf-github/ephemeral-ci-2aa79bde,-1,-1,-1,False,True,False,False
direwolf-github/ephemeral-ci-2aa79c4b,-1,-1,-1,False,True,False,False
direwolf-github/ephemeral-ci-2aa7b386,-1,-1,-1,False,True,False,False
direwolf-github/ephemeral-ci-2aa7b630,-1,-1,-1,False,True,False,False
direwolf-github/ephemeral-ci-2aa7b659,-1,-1,-1,False,True,False,False
direwolf-github/ephemeral-ci-2aa7bd0b,-1,-1,-1,False,True,False,False
direwolf-github/ephemeral-ci-2aa7c8ff,-1,-1,-1,False,True,False,False
direwolf-github/ephemeral-ci-2aa7dd81,-1,-1,-1,False,True,False,False
direwolf-github/ephemeral-ci-2aa7e23e,-1,-1,-1,False,True,False,False
direwolf-github/ephemeral-ci-2aa7eb0f,-1,-1,-1,False,True,False,False
direwolf-github/ephemeral-ci-2aa7ebdf,-1,-1,-1,False,True,False,False
direwolf-github/ephemeral-ci-2aa7efed,-1,-1,-1,False,True,False,False
direwolf-github/ephemeral-ci-2aa7fbe8,-1,-1,-1,False,True,False,False
direwolf-github/ephemeral-ci-2aa808f1,-1,-1,-1,False,True,False,False
direwolf-github/ephemeral-ci-2aa8138a,-1,-1,-1,False,True,False,False
direwolf-github/ephemeral-ci-2aa8154f,-1,-1,-1,False,True,False,False
direwolf-github/ephemeral-ci-2aa81700,-1,-1,-1,False,True,False,False
direwolf-github/ephemeral-ci-2aa81f25,-1,-1,-1,False,True,False,False
direwolf-github/ephemeral-ci-2aa825ce,-1,-1,-1,False,True,False,False
direwolf-github/ephemeral-ci-2aa82e26,-1,-1,-1,False,True,False,False
direwolf-github/ephemeral-ci-2aa83307,-1,-1,-1,False,True,False,False
direwolf-github/ephemeral-ci-2aa83710,-1,-1,-1,False,True,False,False
direwolf-github/ephemeral-ci-2aa83e2b,-1,-1,-1,False,True,False,False
direwolf-github/ephemeral-ci-2aa83f02,-1,-1,-1,False,True,False,False
direwolf-github/ephemeral-ci-2aa8641e,-1,-1,-1,False,True,False,False
direwolf-github/ephemeral-ci-2aa86db2,-1,-1,-1,False,True,False,False
direwolf-github/ephemeral-ci-2aa871f7,-1,-1,-1,False,True,False,False
direwolf-github/ephemeral-ci-2aa872f8,-1,-1,-1,False,True,False,False
direwolf-github/ephemeral-ci-2aa88f43,-1,-1,-1,False,True,False,False
direwolf-github/ephemeral-ci-2aa89069,-1,-1,-1,False,True,False,False
direwolf-github/ephemeral-ci-2aa8940a,-1,-1,-1,False,True,False,False
direwolf-github/ephemeral-ci-2aa89c44,-1,-1,-1,False,True,False,False
direwolf-github/ephemeral-ci-2aa8a3f4,-1,-1,-1,False,True,False,False
direwolf-github/ephemeral-ci-2aa8a416,-1,-1,-1,False,True,False,False
direwolf-github/ephemeral-ci-2aa8a46c,-1,-1,-1,False,True,False,False
direwolf-github/ephemeral-ci-2aa8a5d3,-1,-1,-1,False,True,False,False
direwolf-github/ephemeral-ci-2aa8b5b7,-1,-1,-1,False,True,False,False
direwolf-github/ephemeral-ci-2aa8b903,-1,-1,-1,False,True,False,False
direwolf-github/ephemeral-ci-2aa8ba62,-1,-1,-1,False,True,False,False
direwolf-github/ephemeral-ci-2aa8be5f,-1,-1,-1,False,True,False,False
direwolf-github/ephemeral-ci-2aa8bf49,-1,-1,-1,False,True,False,False
direwolf-github/ephemeral-ci-2aa8c56a,-1,-1,-1,False,True,False,False
direwolf-github/ephemeral-ci-2aa8c9d8,-1,-1,-1,False,True,False,False
direwolf-github/ephemeral-ci-2aa8cb74,-1,-1,-1,False,True,False,False
direwolf-github/ephemeral-ci-2aa8e2fa,-1,-1,-1,False,True,False,False
direwolf-github/ephemeral-ci-2aa8f01e,-1,-1,-1,False,True,False,False
direwolf-github/ephemeral-ci-2aa8f307,-1,-1,-1,False,True,False,False
direwolf-github/ephemeral-ci-2aa904a5,-1,-1,-1,False,True,False,False
direwolf-github/ephemeral-ci-2aa90cda,-1,-1,-1,False,True,False,False
direwolf-github/ephemeral-ci-2aa93e60,-1,-1,-1,False,True,False,False
direwolf-github/ephemeral-ci-2aa93fb7,-1,-1,-1,False,True,False,False
direwolf-github/ephemeral-ci-2aa94fac,-1,-1,-1,False,True,False,False
direwolf-github/ephemeral-ci-2aa955ec,-1,-1,-1,False,True,False,False
direwolf-github/ephemeral-ci-2aa95eda,-1,-1,-1,False,True,False,False
direwolf-github/ephemeral-ci-2aa962bf,-1,-1,-1,False,True,False,False
direwolf-github/ephemeral-ci-2aa98142,-1,-1,-1,False,True,False,False
direwolf-github/ephemeral-ci-2aa99128,-1,-1,-1,False,True,False,False
direwolf-github/ephemeral-ci-2aa99406,-1,-1,-1,False,True,False,False
direwolf-github/ephemeral-ci-2aa99c06,-1,-1,-1,False,True,False,False
direwolf-github/ephemeral-ci-2aa9a388,-1,-1,-1,False,True,False,False
direwolf-github/ephemeral-ci-2aa9a760,-1,-1,-1,False,True,False,False
direwolf-github/ephemeral-ci-2aa9aa7e,-1,-1,-1,False,True,False,False
direwolf-github/ephemeral-ci-2aa9ce27,-1,-1,-1,False,True,False,False
direwolf-github/ephemeral-ci-2aa9d78f,-1,-1,-1,False,True,False,False
direwolf-github/ephemeral-ci-2aa9d93b,-1,-1,-1,False,True,False,False
direwolf-github/ephemeral-ci-2aa9db3c,-1,-1,-1,False,True,False,False
direwolf-github/ephemeral-ci-2aa9f49f,0,0,1,False,False,False,False
direwolf-github/ephemeral-ci-2aaa0011,-1,-1,-1,False,True,False,False
direwolf-github/ephemeral-ci-2aaa1092,-1,-1,-1,False,True,False,False
direwolf-github/ephemeral-ci-2aaa160a,-1,-1,-1,False,True,False,False
direwolf-github/ephemeral-ci-2aaa1a23,-1,-1,-1,False,True,False,False
direwolf-github/ephemeral-ci-2aaa2d86,-1,-1,-1,False,True,False,False
direwolf-github/ephemeral-ci-2aaa35df,-1,-1,-1,False,True,False,False
direwolf-github/ephemeral-ci-2aaa41fb,-1,-1,-1,False,True,False,False
direwolf-github/ephemeral-ci-2aaa51c7,-1,-1,-1,False,True,False,False
direwolf-github/ephemeral-ci-2aaa5b66,-1,-1,-1,False,True,False,False
direwolf-github/ephemeral-ci-2aaa6583,-1,-1,-1,False,True,False,False
direwolf-github/ephemeral-ci-2aaa693c,-1,-1,-1,False,True,False,False
direwolf-github/ephemeral-ci-2aaa6c65,-1,-1,-1,False,True,False,False
direwolf-github/ephemeral-ci-2aaa848f,-1,-1,-1,False,True,False,False
direwolf-github/ephemeral-ci-2aaa8d6e,-1,-1,-1,False,True,False,False
direwolf-github/ephemeral-ci-2aaaa90a,-1,-1,-1,False,True,False,False
direwolf-github/ephemeral-ci-2aaab6db,-1,-1,-1,False,True,False,False
direwolf-github/ephemeral-ci-2aaac5b5,-1,-1,-1,False,True,False,False
direwolf-github/ephemeral-ci-2aaac6c0,-1,-1,-1,False,True,False,False
direwolf-github/ephemeral-ci-2aaac8c2,-1,-1,-1,False,True,False,False
direwolf-github/ephemeral-ci-2aaacbe1,-1,-1,-1,False,True,False,False
direwolf-github/ephemeral-ci-2aaae022,-1,-1,-1,False,True,False,False
direwolf-github/ephemeral-ci-2aaaf2fb,-1,-1,-1,False,True,False,False
direwolf-github/ephemeral-ci-2aab04a2,-1,-1,-1,False,True,False,False
direwolf-github/ephemeral-ci-2aab078f,-1,-1,-1,False,True,False,False
direwolf-github/ephemeral-ci-2aab1534,-1,-1,-1,False,True,False,False
direwolf-github/ephemeral-ci-2aab159e,-1,-1,-1,False,True,False,False
direwolf-github/ephemeral-ci-2aab1a26,-1,-1,-1,False,True,False,False
direwolf-github/ephemeral-ci-2aab2196,-1,-1,-1,False,True,False,False
direwolf-github/ephemeral-ci-2aab2a87,-1,-1,-1,False,True,False,False
direwolf-github/ephemeral-ci-2aab4d59,-1,-1,-1,False,True,False,False
direwolf-github/ephemeral-ci-2aab5eb7,-1,-1,-1,False,True,False,False
direwolf-github/ephemeral-ci-2aab67d9,-1,-1,-1,False,True,False,False
direwolf-github/ephemeral-ci-2aab6a81,-1,-1,-1,False,True,False,False
direwolf-github/ephemeral-ci-2aab71ac,-1,-1,-1,False,True,False,False
direwolf-github/ephemeral-ci-2aab86ed,-1,-1,-1,False,True,False,False
direwolf-github/ephemeral-ci-2aab86f7,-1,-1,-1,False,True,False,False
direwolf-github/ephemeral-ci-2aab8afb,-1,-1,-1,False,True,False,False
direwolf-github/ephemeral-ci-2aab933f,-1,-1,-1,False,True,False,False
direwolf-github/ephemeral-ci-2aab94fa,-1,-1,-1,False,True,False,False
direwolf-github/ephemeral-ci-2aaba2b7,-1,-1,-1,False,True,False,False
direwolf-github/ephemeral-ci-2aaba321,-1,-1,-1,False,True,False,False
direwolf-github/ephemeral-ci-2aaba6e5,-1,-1,-1,False,True,False,False
direwolf-github/ephemeral-ci-2aabb807,-1,-1,-1,False,True,False,False
direwolf-github/ephemeral-ci-2aabbd71,-1,-1,-1,False,True,False,False
direwolf-github/ephemeral-ci-2aabc38d,-1,-1,-1,False,True,False,False
direwolf-github/ephemeral-ci-2aabcb4b,-1,-1,-1,False,True,False,False
direwolf-github/ephemeral-ci-2aabd5e5,-1,-1,-1,False,True,False,False
direwolf-github/ephemeral-ci-2aabd7b5,-1,-1,-1,False,True,False,False
direwolf-github/ephemeral-ci-2aabdebc,-1,-1,-1,False,True,False,False
direwolf-github/ephemeral-ci-2aabded2,-1,-1,-1,False,True,False,False
direwolf-github/ephemeral-ci-2aabe2d9,-1,-1,-1,False,True,False,False
direwolf-github/ephemeral-ci-2aabefac,-1,-1,-1,False,True,False,False
direwolf-github/ephemeral-ci-2aac0ab7,-1,-1,-1,False,True,False,False
direwolf-github/ephemeral-ci-2aac10c3,-1,-1,-1,False,True,False,False
direwolf-github/ephemeral-ci-2aac1225,-1,-1,-1,False,True,False,False
direwolf-github/ephemeral-ci-2aac15ac,-1,-1,-1,False,True,False,False
direwolf-github/ephemeral-ci-2aac191c,-1,-1,-1,False,True,False,False
direwolf-github/ephemeral-ci-2aac2ba8,-1,-1,-1,False,True,False,False
direwolf-github/ephemeral-ci-2aac2d65,-1,-1,-1,False,True,False,False
direwolf-github/ephemeral-ci-2aac2e98,-1,-1,-1,False,True,False,False
direwolf-github/ephemeral-ci-2aac30a8,-1,-1,-1,False,True,False,False
direwolf-github/ephemeral-ci-2aac3205,-1,-1,-1,False,True,False,False
direwolf-github/ephemeral-ci-2aac36d6,-1,-1,-1,False,True,False,False
direwolf-github/ephemeral-ci-2aac378d,-1,-1,-1,False,True,False,False
direwolf-github/ephemeral-ci-2aac397e,-1,-1,-1,False,True,False,False
direwolf-github/ephemeral-ci-2aac3e79,-1,-1,-1,False,True,False,False
direwolf-github/ephemeral-ci-2aac3f1f,-1,-1,-1,False,True,False,False
direwolf-github/ephemeral-ci-2aac401e,-1,-1,-1,False,True,False,False
direwolf-github/ephemeral-ci-2aac4899,-1,-1,-1,False,True,False,False
direwolf-github/ephemeral-ci-2aac5332,-1,-1,-1,False,True,False,False
direwolf-github/ephemeral-ci-2aac550d,-1,-1,-1,False,True,False,False
direwolf-github/ephemeral-ci-2aac5ed9,-1,-1,-1,False,True,False,False
direwolf-github/ephemeral-ci-2aac67ef,-1,-1,-1,False,True,False,False
direwolf-github/ephemeral-ci-2aac8d40,-1,-1,-1,False,True,False,False
direwolf-github/ephemeral-ci-2aaca385,-1,-1,-1,False,True,False,False
direwolf-github/ephemeral-ci-2aacab30,-1,-1,-1,False,True,False,False
direwolf-github/ephemeral-ci-2aacb634,-1,-1,-1,False,True,False,False
direwolf-github/ephemeral-ci-2aacb9d8,-1,-1,-1,False,True,False,False
direwolf-github/ephemeral-ci-2aacc0e1,-1,-1,-1,False,True,False,False
direwolf-github/ephemeral-ci-2aacc5f4,-1,-1,-1,False,True,False,False
direwolf-github/ephemeral-ci-2aaccc71,-1,-1,-1,False,True,False,False
